0.0454724569387
0.00362264179178
0.0347824913287
0.000820138719219
0.0042299039051
0.0783128000576
0.00844142722859
0.00328398460221
0.00831347434533
0.0415584442514
0.00747282334994
0.00836297626858
0.00835950421145
0.0297296965443
0.0438017260549
0.039512168109
0.037328314608
0.0122387873245
0.009335072956
0.00346516306187
0.0119575066492
0.111144572554
0.107556313893
0.0243853875947
0.00290151232926
0.00356429680095
0.125109167333
0.00362027696391
0.169749120471
0.0157143556804
0.0615381627444
0.0462148192908
0.0437763064638
0.00962487690069
0.00673738665924
0.162870966753
0.0248325121236
0.0287265772631
0.00979338012671
0.033439135825
0.0364164654742
0.0536570571057
0.0920843721041
0.0220892031319
0.0511443381281
0.0528394305071
0.0605832595004
0.0605353569423
0.0686454935077
0.0129059413056
0.00236434769935
0.00305972768282
0.00241604658493
0.0488174317859
0.0457090395798
0.0223158138095
0.22710586046
0.00849796954132
0.00762651303883
0.0454724569387
0.0183804766528
0.115940032999
0.0106988803523
0.0634122762705
0.00809921647964
0.188050043645
0.0312124128176
0.00855968345792
0.00160767660837
0.0365124775345
0.051618346425
0.0123151814584
0.0454724569387
0.0536570571057
0.0140677083312
0.0218466034116
0.00391094339531
0.0128281003451
0.00599137963245
0.0256396995535
0.01221259174
0.0120054903316
0.00827450128566
0.00864487017873
0.0151004915441
0.0291227101405
0.035195072283
0.0108060435691
0.0302905677983
0.0466461498185
0.0219141857355
0.00810551323278
0.0355925825322
0.0252012728824
0.0325057363775
0.00958063434655
0.00956396404297
0.00856974944338
0.139450660538
0.134929648991
0.0144038830374
0.0448324394102
0.0135806747321
0.0261186625058
0.0217154131747
0.0327120909304
0.0141636696993
0.0405786514181
0.0176864387886
0.00404035410808
0.0435895916925
0.00882294749696
0.0465292874784
0.0310684705298
0.00844514573814
0.0519500503586
0.0142990362742
0.0228978835894
0.0715461623338
0.136112192347
0.0282059468801
0.017617898934
0.0326159935423
0.137322687035
0.0328413913471
0.00248753263944
0.00373331007089
0.0484171573442
0.131058276511
0.171323221269
0.0033638485991
0.14714193012
0.032765302824
0.00315659434997
0.0339934972619
0.0208323883022
0.0197310378776
0.155996857147
0.00850222052405
0.00612979240875
0.00483635608933
0.0418624141254
0.0424220027497
0.115321778304
0.0107037479029
0.175394551852
0.0204290687447
0.00803419809609
0.156417130932
0.141224230415
0.00843042295409
0.0404652184811
0.0496939047058
0.00875001796233
0.0509302923995
0.0133202687922
0.0135936464314
0.00518426709851
0.116126384015
0.0219131186835
0.151671171813
0.000563736566673
0.061323097261
0.00967891877977
0.00382383948061
0.114614178185
0.0392786158234
0.0086102002089
0.019232171861
0.0300667656273
0.0382197638209
0.0267667119451
0.00809921647964
0.108815455862
0.00208815307089
0.16973738302
0.0374171278438
0.14223721339
0.0739683680151
0.00792129141514
0.00204199827543
0.0101700791402
0.0389601798112
0.0323664910222
0.0236771030686
0.00828650075715
0.00823108809006
0.0114449065671
0.00985088281127
0.00429875392992
0.0454724569387
0.0217461334657
0.00848200403592
0.00517601131584
0.0149162067774
0.00791814319831
0.222578066018
0.00338711991499
0.0076441876196
0.00826513323496
0.00806427401576
0.141712113859
0.040659849785
0.00826194984621
0.04849310064
0.042199942535
0.00676173541974
0.139805931445
0.0942166495042
0.135820941972
0.0280108286876
0.0448324394102
0.00124483589308
0.0526142535397
0.0743487179524
0.0259708076321
0.017957112884
0.0319422080285
0.0113907785642
0.0657594799403
0.146841905717
0.00840359670704
0.17459311761
0.00261842059828
0.0695062967155
0.0793450250945
0.0210796528685
0.00834959852476
0.0321254188676
0.0128434022069
0.00778807362206
0.0175430748006
0.0162109742262
0.0165683259151
0.0143064908261
0.0615355370362
0.0378399636349
0.0110684770994
0.148829892947
0.0175028892029
0.0492138523791
0.00651569534636
0.0317499432029
0.0113335821026
0.113928723976
0.0138480046528
0.029398764521
0.012388770246
0.141224230415
0.00843042295409
0.00765881311824
0.0109166252789
0.00234875208445
0.0236511891489
0.19827045388
0.00536639949141
0.010814857621
0.0104887061503
0.00787396600768
0.0135020107309
0.0102791972647
0.0279966241214
0.00774067117231
0.0083776168188
0.00935467168932
0.00319425913339
0.123380621989
0.00786950597326
0.0348507316517
0.0226177166215
0.0043082974467
0.0411796268896
0.00738715036522
0.017859174295
0.000558587117001
0.0150373044281
0.0117243543788
0.0209673449636
0.012823185578
0.0093210113826
0.140708472954
0.163206960002
0.00376893444302
0.165059667168
0.00901206638933
0.0277135524019
0.0268653548127
0.00395966960601
0.161418010311
0.212211117518
0.211184594131
0.0078607747625
0.154233600829
0.00954312497857
0.136228597539
0.00463822503948
0.0195399585207
0.0101829535118
0.200934236973
0.129103752618
0.0376617325032
0.125287046442
0.0393616636662
0.0438017260549
0.0230895973026
0.00748115114572
0.0438017260549
0.00845939373653
0.0966072963282
0.00885431156506
0.0448324394102
0.0355545973246
0.0314694676824
0.0172432831226
0.00677946473023
0.0196236292937
0.0706035004579
0.104021630125
0.0123582990732
0.0203411985818
0.0370472135219
0.0106691090112
0.00597660019956
0.109242691876
0.00791713736173
0.008377438254
0.00907153704506
0.0621261089837
0.0312840646503
0.0327120909304
0.133585303709
0.115940032999
0.0234274826497
0.00693388559791
0.00489517057886
0.0686661729034
0.00307320555984
0.00678092790831
0.0116287954286
0.0472362617969
0.0109638585261
0.00937880845647
0.00691336588836
0.0127725424428
0.0310845394301
0.00860501367709
0.030145969106
0.0233996314048
0.0511250089323
0.108086241865
0.0393802935298
0.0550425782458
0.139037698636
0.0274237968697
0.0106060363404
0.0504026004258
0.112255774446
0.0105033443628
0.0143189314326
0.00823596995797
0.0237103197451
0.150613002317
0.0430360836665
0.0261434476458
0.00656793428408
0.0275314627236
0.0924966496826
0.0498025119809
0.109679655804
0.140755758972
0.00861273766277
0.0217154131747
0.0486186416775
0.0111678840775
0.00307746538232
0.0528963990495
0.00367922222862
0.0513990834926
0.0899951194776
0.0536570571057
0.0348102886765
0.0330270401659
0.00289291198457
0.0251317787679
0.04849310064
0.0164580127612
0.0102288529715
0.0492138523791
0.031879872072
0.0484171573442
0.00903175241631
0.00913506171736
0.00940816831724
0.0201270770982
0.159666833372
0.127571115587
0.0144849215567
0.00804742459514
0.0373685054083
0.0823296152889
0.00422258731901
0.0447716475834
0.00857876261206
0.00358508017786
0.00669004643251
0.00475813048504
0.0363068099236
0.148829892947
0.0333973952732
0.00825283454875
0.00152473450629
0.0102229604474
0.00359510640984
0.0457090395798
0.115905122365
0.0109364664367
0.0548557725161
0.0333402579771
0.0284906287989
0.0161746962036
0.04849310064
0.0446020555409
0.0108997127157
0.02208055784
0.0404848587151
0.0203295331988
0.0185291029222
0.00830990933466
0.0284608166501
0.0328847309441
0.00369046095001
0.0448324394102
0.0438017260549
0.115940032999
0.0296741575597
0.0238837211241
0.00790787635086
0.0407630033881
0.136534965119
0.108686257608
0.00839114755585
0.0139707071655
0.114937059337
0.0208525444666
0.0126380781444
0.0106236775164
0.147134488409
0.00355112707071
0.00844693807169
0.0204795752832
0.00362544193369
0.00144879405428
0.153969667285
0.0439314073024
0.0127386922902
0.00740875338476
0.134929648991
0.00607644348473
0.0327120909304
0.0776377211607
0.128700512653
0.149154224093
0.00481508633359
0.00583948860951
0.0630801025976
0.0492745321216
0.0352558641097
0.00483552369786
0.00361516956024
0.00904342121714
0.0203073044912
0.00334972011155
0.042072797063
0.0752504375734
0.008377438254
0.0650672539905
0.0240796694027
0.0424220027497
0.0122475680109
0.0393364598845
0.150371533796
0.0722267504008
0.0323116620092
0.0145216090531
0.00771606228836
0.00340717297245
0.0448324394102
0.00841801269251
0.00391377110495
0.113971230004
0.155893946238
0.00827899373444
0.0968550388055
0.0204182731424
0.0253670428235
0.00545678585251
0.0622875193339
0.0339562978779
0.00667913979933
0.0448324394102
0.0389802452537
0.00821717448652
0.0063038638862
0.0457090395798
0.0355925825322
0.00833192354273
0.107375108847
0.00511677805367
0.00809921647964
0.000952877435705
0.0484171573442
0.0514493400782
0.0418223467836
0.00888886093306
0.00900133421623
0.00345611746722
0.0496752414431
0.0125549409548
0.0514909388851
0.0161617100819
0.0129312390723
0.0192554393061
0.0047935880667
0.0216340564509
0.0103645948483
0.0213264631286
0.0328847309441
0.0937522169485
0.0594998630216
0.071257847998
0.00812128074604
0.0522246935614
0.0123429334688
0.0385994730793
0.00963914687271
0.00910775377
0.0118138025537
0.00788267060467
0.0389604996932
0.14714193012
0.00096135649268
0.0312635231314
0.0370472135219
0.207566784509
0.0209673449636
0.131058276511
0.0616152019002
0.0110112381921
0.00786950597326
0.0042029773271
0.0136171504147
0.00447069302818
0.0481803085268
0.158050122102
0.00748334676299
0.00485559547064
0.0398458998554
0.00651456329997
0.0496861357515
0.221979339631
0.114391751096
0.0130228749654
0.15089193595
0.0198160806387
0.00498629646001
0.0484171573442
0.00535308291774
0.00392887876949
0.00851910211197
0.131153842643
0.0768462251023
0.083168820923
0.00838958802709
0.0310388078738
0.0432217656287
0.148574235263
0.132427052512
0.152142905714
0.00796875975445
0.0438017260549
0.0328847309441
0.0217262087769
0.0270978180662
0.0035082988054
0.100141843972
0.0157747336338
0.0221677810831
0.00392271700957
0.0371862954982
0.0579918470993
0.00935088804913
0.0150855613124
0.00356683215632
0.0130046752526
0.0154349600628
0.00759742359489
0.0147706295865
0.0328847309441
0.0181575363694
0.147134488409
0.0342418557581
0.0232408250609
0.0327120909304
0.129079645388
0.00844514573814
0.0385091837641
0.0937117494003
0.00822382018488
0.0123931839292
0.00224924763902
0.0798989212915
0.0389859904143
0.00826395286124
0.0359583764404
0.0317040431928
0.0225378206619
0.00673738665924
0.0347824913287
0.0254712212355
0.0199052427197
0.0503328060881
0.000517141485508
0.0509695030816
0.0093265791036
0.0535035574136
0.054618160928
0.00688208117805
0.0530213885963
0.0117717768117
0.0054070675035
0.0737652465678
0.035391167356
0.0718904006483
0.00950963835112
0.0111848479261
0.0773241640067
0.0135106226963
0.0287256100545
0.0209325706291
0.0032373132948
0.169276912679
0.0588895557701
0.0155703549603
0.00857654363153
0.00823185666177
0.0100276715656
0.0112281473861
0.0363169276373
0.0209673449636
0.00324202633009
0.020300005005
0.00830349887731
0.032430762107
0.0438017260549
0.0328847309441
0.00864191460447
0.0511893139594
0.0112281473861
0.0330528568242
0.00796875975445
0.00788321527512
0.0490365675871
0.00825283454875
0.00354042706731
0.152677471848
0.00849553185151
0.204388297137
0.00500617732095
0.111242791471
0.0134474945957
0.00843042295409
0.00636043317627
0.0355925825322
0.00811419689503
0.0148532696202
0.0151582399333
0.0967273554539
0.0106739678894
0.110356152417
0.00349937038933
0.0320531017426
0.00806427401576
0.0818210050899
0.00380695639416
0.00681657410475
0.00100112615331
0.0462064242298
0.00495550095863
0.0665803451728
0.0389231182077
0.0187196292946
0.0446020555409
0.00423655671515
0.0163767226964
0.00357583032852
0.00111655128595
0.184793150173
0.0084602447946
0.141497208651
0.00861559402409
0.00909003063944
0.113939852236
0.0166838859855
0.0132526693901
0.0323664910222
0.0085593836722
0.0457849828756
0.000806892034245
0.0176427228858
0.171171141178
0.0340998306618
0.0910426470352
0.0497510607504
0.0484171573442
0.0167986138667
0.0280073270982
0.0622875193339
0.035714235799
0.020623964027
0.0337766441083
0.032096135441
0.0437341131055
0.00865533146774
0.0351439736342
0.0107176905846
0.156203023432
0.0448324394102
0.00392062041146
0.00829115183917
0.023154693789
0.159531390337
0.040543516731
0.0092647246394
0.00810551323278
0.0329606742399
0.0355925825322
0.00384162939939
0.00239465177621
0.00565494079733
0.010210716377
0.0279731968912
0.0166727926341
0.0377445034751
0.0579902947046
0.00940118895296
0.00187063842973
0.121117969762
0.0216494294999
0.0383783989335
0.011703836634
0.0604931218381
0.0158510552291
0.0238245359198
0.0774942660803
0.0261434476458
0.00854887824876
0.132318283839
0.0394183802559
0.00421432993416
0.0144305384928
0.0734834534577
0.0340998306618
0.0514084469499
0.0145390211931
0.0321686267368
0.00884497039137
0.0214799358311
0.00756326423401
0.0328847309441
0.00112597682181
0.0283145223979
0.00787095192863
0.0310388078738
0.00774813643252
0.021414252879
0.000806892034245
0.0170838301075
0.114366341771
0.0150678505991
0.0523835614219
0.0328847309441
0.00124762174727
0.0470121686047
0.0219740918065
0.00188915167632
0.0219131186835
0.00414877475924
0.0510358221532
0.0415110810544
0.130095216029
0.00120880942109
0.0343211552837
0.0670027408526
0.173021362369
0.0108627259852
0.0570314413702
0.136914670431
0.0826584693266
0.00213745948222
0.0169401351669
0.00857876261206
0.00681883274113
0.145351379039
0.034721699502
0.0123487012718
0.0447670463852
0.0490833908074
0.0174421789852
0.00830864989115
0.01002379469
0.0100982258554
0.00955816566936
0.0330156324415
0.0614747452095
0.136301782186
0.139037698636
0.0475720637015
0.0438017260549
0.0219131186835
0.0122386328452
0.0190578229077
0.0179605546956
0.00978681818437
0.153272071492
0.0234219375182
0.00663179957259
0.104913062894
0.0285999488468
0.0122302391638
0.0522044134445
0.00225157160408
0.00513065773269
0.0102914816346
0.00384725614267
0.038644016412
0.0263611786732
0.00673738665924
0.129103752618
0.0127084495401
0.0454724569387
0.114937059337
0.0336875929996
0.00886945479178
0.0207057983514
0.0209763167683
0.0213369399398
0.0439076777501
0.0119859165172
0.107714333581
0.0114949370336
0.0110475371605
0.0438017260549
0.0160345362939
0.00441011902643
0.118451301854
0.0626313452549
0.00835004201101
0.0513893511375
0.0126621139444
0.0983438735385
0.0228282962595
0.0982133710334
0.156007637965
0.0442511833843
0.0194085564987
0.0503436870174
0.03141347643
0.0093874271083
0.147991568677
0.0782045774788
0.000704633456694
0.16521683861
0.128700512653
0.0358549834811
0.0320974205209
0.0389281669678
0.152428026436
0.0334243154312
0.0320611776054
0.140050681611
0.0570314413702
0.0316861722279
0.012884589466
0.00883014842962
0.0124589723552
0.016435062916
0.00857573513571
0.0300493689237
0.199672061049
0.155893946238
0.193422977955
0.0102272814088
0.0780827316059
0.0375724400798
0.00899918439036
0.00842351825487
0.0339473733711
0.109200188918
0.00322179646533
0.0389314608237
0.00735916179768
0.0438017260549
0.00588543342543
0.00887462166757
0.0168743731366
0.0137357856676
0.151487307098
0.0336984839975
0.11581840425
0.0338839408392
0.00849377728753
0.0399045324588
0.00996585255439
0.00841086534486
0.0100034239224
0.11738756054
0.034721699502
0.111242791471
0.0454548480742
0.0073084666238
0.00839114755585
0.0340998306618
0.140587131721
0.038591505711
0.146841905717
0.0590988870002
0.0336875929996
0.0114580051086
0.027415190554
0.0608009695236
0.0203204947773
0.108092511309
0.00361213445962
0.00426619312961
0.0636521726437
0.0340998306618
0.0109035949401
0.00306066171697
0.00160338545267
0.00559276942512
0.0579902947046
0.0561484195469
0.00265684422737
0.0328847309441
0.0447716475834
0.00545879994719
0.00814674779254
0.0172531992016
0.0355925825322
0.0218332245132
0.0686401419522
0.126794330239
0.0129317776944
0.0144517423634
0.0454724569387
0.00896938831187
0.0105699267151
0.00778067244606
0.0079821368669
0.00603606257591
0.165374966223
0.015884559252
0.0110776533757
0.0328728079153
0.0499258584603
0.0513325036541
0.0121276929772
0.00373251072846
0.0344833660358
0.0084309360576
0.00816107094383
0.113971230004
0.114143870018
0.0100994114059
0.148476702389
0.141224230415
0.0328381918258
0.00786950597326
0.0140956997581
0.00249053022153
0.00938845193969
0.021245328882
0.0315959398349
0.146841905717
0.0145440336285
0.127004449876
0.000755593081488
0.0745961968808
0.00853818152411
0.00448418218129
0.0131282338437
0.0384125536456
0.00774490226801
0.00933225355874
0.150371533796
0.00899040937205
0.112255774446
0.0086455881156
0.0130177951524
0.0311688802787
0.00829340898727
0.143357467389
0.0119414354473
0.145041435106
0.0221052017382
0.0113677900285
0.00748108837629
0.149861441339
0.0476091501942
0.0438017260549
0.0162271296155
0.0291458280442
0.00223252799464
0.00356875245274
0.0520569765409
0.0037854298255
0.00638585943392
0.0328847309441
0.00986906576792
0.0384410083943
0.611014492754
0.010631199936
0.162906220984
0.141224230415
0.0312265665234
0.0280539988002
0.00556392656619
0.00864487017873
0.0310376736069
0.00809921647964
0.0223282852028
0.00902104205471
0.0307604800099
0.059372173024
0.0832159808737
0.0124098730823
0.0227616786317
0.0328847309441
0.00742172979777
0.0241348986955
0.015180294154
0.129247660228
0.0261434476458
0.00138706331969
0.0314090299284
0.00996803253692
0.0431371880602
0.00906886313556
0.0326597850599
0.129103752618
0.0438776693507
0.00886367483234
0.00894503912429
0.111957338239
0.0613718320278
0.00814399728375
0.0327134314137
0.106677481422
0.192080147741
0.0208323883022
0.00135294479201
0.00393655848162
0.0877333573276
0.00816107094383
0.00749714504405
0.00816107094383
0.0262072026943
0.0376046338303
0.0110870850733
0.0168767454794
0.059114883596
0.0161312251223
0.0163716033787
0.00736924641405
0.0199029150726
0.0124635351377
0.0484171573442
0.00857285610308
0.0768533632655
0.0167635664645
0.0779982675506
0.00857573513571
0.0201028050107
0.00468243315863
0.0086455881156
0.00818530562942
0.0625943552103
0.03854119851
0.0322966569226
0.0122919282923
0.207474850986
0.0371373445249
0.00380452356993
0.00548373005907
0.0454724569387
0.0782186547611
0.0448324394102
0.02931004248
0.0203369532332
0.0124109996054
0.139037698636
0.0110302340669
0.00802657282633
0.0614747452095
0.00275695299712
0.0156138975157
0.0247678074675
0.0199159704753
0.00644214938078
0.0168818550614
0.0528963990495
0.140365416755
0.0151959792852
0.00416725718667
0.0932586197074
0.00809178978191
0.00620390815685
0.0330121709526
0.0136772742481
0.164969396684
0.0182438344819
0.00856603093383
0.0114505142454
0.0323311018983
0.00917329298229
0.114937059337
0.0312632824016
0.148433806147
0.00281905225404
0.0625872872957
0.151168228831
0.0145305403301
0.152154643166
0.0377450800935
0.013396868107
0.00829114350753
0.00799419520315
0.0108993402514
0.0976809752788
0.0454724569387
0.0347824913287
0.0291880330845
0.140915021485
0.0454724569387
0.141224230415
0.00816107094383
0.00315659434997
0.0120953217763
0.114143870018
0.0484171573442
0.146569942037
0.0513055319918
0.0281868248125
0.0103054006897
0.0486186416775
0.0135403722924
0.0148880492501
0.0438017260549
0.0079372134574
0.0719301354399
0.143507349988
0.116149068916
0.0215971450373
0.0236130448528
0.0336050042137
0.0486676775945
0.0328847309441
0.0367118668198
0.00734072171559
0.00444784431483
0.148829892947
0.0327120909304
0.0208526460752
0.00708676920337
0.0640370867499
0.0102212509143
0.0690827151646
0.00647129333813
0.0402160852039
0.151409634855
0.0109804911538
0.0235625207927
0.0165221436542
0.00151815034368
0.0071383065841
0.051618346425
0.153788382424
0.034346185173
0.00635969789092
0.0005002780791
0.0116185276587
0.00813056929726
0.305714285714
0.11370746749
0.0254054972066
0.0259708076321
0.0277135524019
0.00514539641908
0.0643231117766
0.155660788549
0.0083776168188
0.0408445751791
0.0219131186835
0.0147750138585
0.0234867247413
0.0164620942442
0.0354199425185
0.0194538006673
0.0208817931878
0.0162315505589
0.0559188002792
0.00957933714875
0.00779556659657
0.00867915461064
0.00876651830972
0.015031805407
0.0467918426258
0.0079372134574
0.00503702741323
0.00898566240677
0.003868739296
0.0144465108557
0.0333714733143
0.0590372721761
0.00522249196362
0.0528963990495
0.00675832724484
0.14223721339
0.025045763117
0.0130850489294
0.0454724569387
0.00407305604875
0.113760328514
0.0146660794496
0.0222145504254
0.00693823181615
0.0265154985567
0.00467142937157
0.0374980929924
0.0310353794665
0.0169969612421
0.014911200217
0.00833192354273
0.0297713285848
0.0514557067878
0.00354042706731
0.0429765518176
0.00601905641648
0.0446340586939
0.00326899229246
0.0197063096106
0.0371069215553
0.00844514573814
0.151997824543
0.0528963990495
0.00345008453407
0.0329606742399
0.00578635937919
0.15115649138
0.254136421468
0.130116735594
0.141224230415
0.00201580784257
0.14289207406
0.126794330239
0.130337734758
0.0318742676988
0.00882479653285
0.0122919282923
0.0092138674208
0.00825283454875
0.0385622349886
0.0787501457315
0.00823709597428
0.0116368897898
0.00383049059222
0.112013098931
0.00437245424301
0.0448324394102
0.0125939205374
0.0205956928684
0.145591114168
0.175466274898
0.0198259700564
0.0215971450373
0.205728871652
0.0454724569387
0.00809702525425
0.00917153546227
0.0124644467963
0.00956767402376
0.0248150223639
0.0113969075178
0.141224230415
0.00363782031266
0.00353852109897
0.00864548661909
0.015199178005
0.0451176277459
0.043293737568
0.00269603744684
0.00856971195127
0.0221886611979
0.00844142722859
0.0424791597142
0.00231019433815
0.00810551323278
0.0236803213428
0.0135953123663
0.00764914452378
0.0112855243935
0.0203732790611
0.0209673449636
0.150371533796
0.045562752922
0.00320315514099
0.00356245320726
0.170569659455
0.0481803085268
0.0367182314579
0.108093516039
0.0548089448111
0.128316129997
0.00864487017873
0.00281905225404
0.169645853069
0.0248057629259
0.0791980354494
0.00844142722859
0.065858315136
0.01457793791
0.0457090395798
0.111946209979
0.150359796345
0.0353284166769
0.0328847309441
0.0361872180513
0.0204290687447
0.012746222409
0.0098783655948
0.0732182167663
0.03180002147
0.0827016387233
0.0206390720682
0.0112789309281
0.00417216091493
0.00417723938757
0.0484171573442
0.0329606742399
0.00799856971293
0.0446564691432
0.076388706876
0.0311698302061
0.00816674539897
0.00313904995867
0.126794330239
0.00895947850118
0.0152670648687
0.0067111161746
0.059305427645
0.0244231894035
0.0472142943591
0.0291150668051
0.00774490226801
0.0117598526302
0.164222853227
0.0568752445844
0.0438017260549
0.0595749002277
0.00825597838053
0.0412261399793
0.00653683670071
0.0457744511515
0.0210232700387
0.0079372134574
0.00364443687353
0.0218517174545
0.0226250457693
0.10636524345
0.00755257366214
0.00605505190331
0.00872562162942
0.00428737138373
0.00842991082659
0.00553917086678
0.0245973618884
0.0914049512472
0.0304943296046
0.0219721120892
0.013577278306
0.0129070316724
0.0454724569387
0.0163186631127
0.00403726576952
0.0177345408119
0.0186173926634
0.00924350510494
0.0105680930818
0.00259059533789
0.0542779094377
0.0438017260549
0.00874220522857
0.0891122732137
0.00841267732174
0.0145511864069
0.00856492969553
0.0548557725161
0.010373896055
0.00393215915476
0.00843172199437
0.0525988673606
0.155500368099
0.0631555417063
0.0056268697993
0.100982263659
0.0131641941545
0.0112889182745
0.0420328517313
0.0038913662666
0.0241766784068
0.00821075844506
0.0209939718581
0.0512690488889
0.0438017260549
0.00935687297615
0.0179657946304
0.00731078571791
0.0267667119451
0.00662965214459
0.0431105862655
0.00497461108068
0.0484090751013
0.0309482386595
0.0133946196149
0.0362313275895
0.0135168408486
0.0328847309441
0.0882751735681
0.0049947420157
0.0533078222975
0.0105208141254
0.0118660168211
0.0115846094329
0.00830349887731
0.0327120909304
0.0005002780791
0.096108206192
0.0025680096034
0.0102614016849
0.0148888581031
0.0210661654246
0.109238390139
0.128122048358
0.0161176112704
0.0286841823711
0.0438017260549
0.0407751419334
0.00466466236607
0.0420302791168
0.00554001534623
0.0108627259852
0.0257930679511
0.00352968875658
0.0155743186438
0.0322758029273
0.00979287476594
0.0141378176522
0.0632136564689
0.00847157246083
0.0246070680245
0.117068324794
0.0435160947439
0.00316498316498
0.0304287884897
0.0305018666767
0.0276738175883
0.00469192871699
0.0224208371031
0.0650543413359
0.173959204559
0.0377445034751
0.0104578067603
0.0351057819814
0.131557082608
0.111957338239
0.00294526267441
0.00392622713876
0.0122919282923
0.0104870970895
0.0107899774483
0.0164814432976
0.030307419698
0.0151979517576
0.00845993860239
0.0143977055388
0.0352655566613
0.00816654813392
0.00783052480277
0.00384725614267
0.0698023207703
0.0224595097932
0.0193205505055
0.00747768840893
0.00398621738907
0.176489865612
0.03157806887
0.0727193380637
0.0373822227991
0.167774293137
0.00340955667619
0.00453579231766
0.0263603926895
0.127924965637
0.00835004201101
0.00875001796233
0.0225005644717
0.00244674171892
0.0105680930818
0.139037698636
0.0585332488114
0.141224230415
0.0608068587456
0.01928867501
0.0033638485991
0.0311698302061
0.0107736328724
0.0330170472999
0.0454724569387
0.00518333592258
0.0328847309441
0.00778341682348
0.00794104698912
0.00391851303319
0.0345330950795
0.0217262087769
0.0327880342262
0.000786064739414
0.0733023781717
0.0937117494003
0.0334061412372
0.0316824777031
0.010913377298
0.00405555780885
0.0570314413702
0.00305972768282
0.019046146348
0.00788267060467
0.0619273311259
0.00787048135303
0.0131242624462
0.0188534100052
0.0191257683341
0.00858132834357
0.000948363966359
0.015531728232
0.0145903298244
0.0174257861118
0.00259366275364
0.0276391520583
0.0151259751221
0.0438776693507
0.075064846978
0.152154643166
0.0115688111691
0.00281905225404
0.00818841213588
0.0176995490362
0.0492138523791
0.144798256475
0.207717759678
0.0337734543403
0.0104293563942
0.0386318735972
0.0349208837809
0.0339118698252
0.00582596583739
0.0304697928688
0.0327120909304
0.139037698636
0.010012215438
0.109430338089
0.0314014775113
0.0305735701034
0.0122451117453
0.00800074749546
0.00826395286124
0.012046081435
0.0219131186835
0.00822191894853
0.0315209255613
0.0726194715273
0.0491096978783
0.157915551
0.0378827518706
0.0730017269522
0.081047161722
0.151168228831
0.0197910098902
0.0905258887294
0.00110639467312
0.0107936134927
0.0150020075096
0.00825597838053
0.0531059380796
0.0781857500667
0.140050681611
0.0353460961861
0.0570314413702
0.0311385177176
0.0585640533253
0.00648166622287
0.0254395127133
0.010530361286
0.0771929541576
0.0381513023462
0.0012068039795
0.0127999629564
0.0171183365431
0.00860828657535
0.169973382017
0.0450344561
0.0142738710734
0.0403816038002
0.0569287681623
0.152391283413
0.0722695025204
0.0374750800056
0.0714616821847
0.0542019661419
0.00952652750327
0.00509063876949
0.00597675884905
0.0070432605764
0.0637624473151
0.134599434538
0.0295908962832
0.0442080420843
0.0549900259703
0.0132746720253
0.0606483491238
0.156007637965
0.0079372134574
0.00543471957057
0.0484171573442
0.0140705622959
0.160602561084
0.00138426170469
0.14848739022
0.00819438132499
0.0310670165064
0.11370746749
0.00267242441679
0.00407469809311
0.0160646450859
0.00493811982998
0.0339530564147
0.01115142444
0.0299142838953
0.0701872496221
0.00673738665924
0.0438017260549
0.106176784136
0.0339783080492
0.037292694039
0.166245209389
0.013626582173
0.00447263412818
0.00848559650365
0.00851651210387
0.150591428795
0.0481991004989
0.00774490226801
0.0570314413702
0.111784698226
0.0457090395798
0.0351000723175
0.0773707173749
0.00403612445302
0.0438017260549
0.0283945700422
0.00790905484996
0.0080507497484
0.242161196327
0.132549683872
0.00796875975445
0.128274691997
0.0160898403314
0.0192145264081
0.0421020214843
0.00414178533046
0.0236121399937
0.0224909848058
0.269359873049
0.0363053626414
0.0438017260549
0.00885567037827
0.0457090395798
0.0077878768579
0.0454724569387
0.0374171278438
0.119265984833
0.0259627514216
0.0506830691296
0.0965993632078
0.0250057400606
0.143507349988
0.0228509651218
0.0307613287529
0.00376226136817
0.00865482511097
0.0081613307644
0.0280320204199
0.0687729806512
0.0581726310766
0.0223656078104
0.0455484002345
0.0147291197302
0.0314643735835
0.00357217636476
0.00926406274594
0.0131707069744
0.0328847309441
0.0122834337296
0.0179557376837
0.00223580377296
0.00355528752733
0.0438017260549
0.010704030807
0.00384218835335
0.0367155826062
0.0395866461088
0.14223721339
0.0178909870583
0.0231417208106
0.0016056943582
0.0454724569387
0.0167805587966
0.125109167333
0.00427753403467
0.00448357137169
0.140365416755
0.0327120909304
0.0427508095078
0.00618698378272
0.0312254322565
0.00772202730014
0.00986906576792
0.0348507316517
0.00398808415339
0.00388014760759
0.108045657502
0.0289514616366
0.0359470402773
0.00250516339529
0.00826249338705
0.0211357847847
0.150371533796
0.00885567037827
0.0603085092388
0.00816988923075
0.0347867243459
0.00495164235835
0.141224230415
0.00811137458436
0.11171529012
0.00441418657974
0.0088594570836
0.0169894134217
0.0485575833439
0.0235970734117
0.0109708270795
0.0315029113774
0.00501052407908
0.0202460208196
0.152154643166
0.0438017260549
0.0261434476458
0.00888238591062
0.00642219715509
0.0114545941945
0.0328847309441
0.00500027514395
0.00353219829928
0.00500911519925
0.0136086551914
0.0453660477518
0.00908715806238
0.0235000818562
0.173287475758
0.00788267060467
0.144263396049
0.0223106245792
0.131557082608
0.175219612184
0.0111616061351
0.0210846235304
0.00774490226801
0.0314661729536
0.0340998306618
0.015652226765
0.0136191558338
0.000517141485508
0.0149706684708
0.01150804521
0.0717593412951
0.151823405506
0.0329606742399
0.0194795194294
0.00819278665298
0.0347824913287
0.00606328973563
0.0454724569387
0.00835004201101
0.0339097606551
0.00334320243779
0.0489406858104
0.1616152019
0.0396085279973
0.0134919437503
0.00328776776703
0.147647310539
0.0204290687447
0.0085023088863
0.150270499589
0.0171143161471
0.00876651830972
0.0503073180739
0.0222215399763
0.00895673653626
0.0129573384837
0.011806919764
0.0592620835602
0.0209967611048
0.00382524888534
0.153788382424
0.0209939718581
0.0113269449374
0.0509924119806
0.0154614569852
0.0869854039846
0.0198218554395
0.0114648073375
0.00515152996576
0.170569659455
0.0323728422998
0.037003229213
0.0278718140147
0.00836222880759
0.043875484799
0.00731748533792
0.0033638485991
0.0547599095902
0.0468700994372
0.0519136151903
0.0140505875806
0.0396368673955
0.00732256900873
0.0480769795168
0.00872036668613
0.129103752618
0.0135163490131
0.180084159823
0.00212499584159
0.0454724569387
0.0105680930818
0.00843172199437
0.0771209233932
0.13989410173
0.122644491314
0.146590969434
0.0113154005394
0.0438776693507
0.00816674539897
0.0471163281975
0.0115461982217
0.130116735594
0.0111427818305
0.0226147915229
0.0444260336763
0.130843798891
0.151168228831
0.00791413705937
0.0444859238722
0.00648287377946
0.00397187287654
0.0623070552238
0.0162819071723
0.0266942049398
0.00838709709229
0.00411845314753
0.0139322170175
0.0308833072046
0.0454724569387
0.04849310064
0.0377099495333
0.0058230935826
0.135136017669
0.00681176104915
0.0127637455782
0.0435439267282
0.0388577282935
0.0273775818833
0.0272984602541
0.0232688523441
0.0192089487735
0.0513325036541
0.0103278613783
0.00831717723983
0.137620532178
0.0299079060615
0.0314244026233
0.0317984046822
0.00804272900433
0.0074406975102
0.0297635467454
0.0173957854594
0.0349465894471
0.0111875716746
0.00634097615138
0.0976809752788
0.0128956481179
0.00614468638965
0.00934493865683
0.0084281725521
0.0091961407503
0.0588020416345
0.00464265753365
0.0372739820131
0.0222346507143
0.0235546312615
0.035674014007
0.0453512355232
0.00483529479056
0.0937117494003
0.00983854955723
0.00744568715102
0.00657360631839
0.0279537521994
0.00741132146451
0.0477698701385
0.0103015471528
0.00831912641079
0.0191105904863
0.0118583357868
0.0329606742399
0.0104887061503
0.0353458873963
0.127014852545
0.00501515688875
0.00979848095041
0.008019424083
0.0491367242036
0.136956224037
0.00595853890859
0.0188395144137
0.0105139697177
0.146449927828
0.152154643166
0.0321988410269
0.00618615818927
0.00814017678326
0.00138706331969
0.0317794871943
0.0067584397861
0.0100397286077
0.0465095776431
0.0352153826682
0.0324553021743
0.0672118739745
0.00825283454875
0.00850574816312
0.0338904977988
0.0683897529725
0.0311698302061
0.0255665055844
0.0233372016982
0.00464838527736
0.00124612209461
0.00825597838053
0.0314165987527
0.0139698054342
0.00349308684058
0.0312078468155
0.138291269253
0.0079372134574
0.0522246935614
0.00173794654183
0.00979523462133
0.143507349988
0.00435021690278
0.103740877997
0.0261434476458
0.00352789416334
0.0064202280691
0.0686080750344
0.0322227744419
0.00674916184406
0.0452144328389
0.00811763936075
0.0923110422429
0.000629006769044
0.0316385226405
0.0377450800935
0.00428191365247
0.00126033300105
0.0168940604227
0.0222636934247
0.0320949492115
0.00663179957259
0.0112874965906
0.00908448203139
0.135901687455
0.0455053324761
0.0316703409856
0.0454724569387
0.0235917563639
0.00816674539897
0.00940813481905
0.0265361987718
0.00448634760244
0.0175662237332
0.135281916819
0.118259347684
0.14223721339
0.0141014546058
0.00470477091993
0.0831821455344
0.0323383712024
0.0145692865317
0.00851651210387
0.141224230415
0.020887617595
0.0431617085264
0.029208124387
0.00821776108698
0.0071084318248
0.00725473280446
0.130116735594
0.0110332540649
0.000733765343981
0.0299578818005
0.0079372134574
0.000558587117001
0.0222684207645
0.00280251333803
0.00384218835335
0.0578825552552
0.0522246935614
0.00814881135643
0.0218333913149
0.0956742130813
0.116126384015
0.146844858096
0.00840386820346
0.0937117494003
0.0128042076142
0.0454724569387
0.128700512653
0.0476864360671
0.077653582334
0.00564155505448
0.0137181691734
0.00357064625242
0.0136027420068
0.00842371251768
0.137834893108
0.0414968668217
0.00467856880804
0.0734464122064
0.0438017260549
0.0438017260549
0.113324457578
0.1896248973
0.00810707276155
0.00918499727081
0.106677481422
0.0166767610987
0.0225031840206
0.0527081689797
0.14223721339
0.0234455523197
0.00838958802709
0.0138298095595
0.00654409345548
0.0169169000351
0.140050681611
0.00861933705058
0.00841853645214
0.114143870018
0.00501210609499
0.00758552530989
0.00346141192554
0.134558047844
0.0328847309441
0.00473321118756
0.0334000477836
0.00870151534074
0.00749623097714
0.132365237051
0.013284906317
0.0457849828756
0.17894327688
0.00844514573814
0.00875001796233
0.003936992844
0.00167806504636
0.00811137458436
0.0340998306618
0.00434696890449
0.00874074761344
0.152934593603
0.0207242849444
0.0035467290471
0.0150645004031
0.0042401502326
0.0312257177804
0.0455662680206
0.00389950092398
0.0536348101008
0.105036220749
0.00865379020359
0.0120543550575
0.020887617595
0.0136098111052
0.0020420571695
0.0136384414954
0.034721699502
0.00409170005827
0.0331845634078
0.00820102749409
0.00826194984621
0.0115797214717
0.00318362959174
0.0328847309441
0.0261434476458
0.0477845648994
0.0223236178592
0.00848572017665
0.0399949244086
0.0156617257242
0.0884648088269
0.0327120909304
0.0457849828756
0.00364923381703
0.0340998306618
0.00830349887731
0.0354487382841
0.00863171718109
0.00404446594478
0.0503328060881
0.0059658384203
0.0163622620536
0.0104494700799
0.0821288790975
0.00338411848932
0.0112281473861
0.0209939718581
0.00660526200324
0.150270499589
0.00284258334865
0.00806427401576
0.0234750692019
0.0472362617969
0.0109985198198
0.0226949728078
0.0519204537446
0.0199447693145
0.00133754369262
0.00806403980825
0.010116411152
0.00843172199437
0.0620204774755
0.0487414884901
0.160977854343
0.0338454789158
0.00162657278532
0.0069091266511
0.00424538511811
0.139037698636
0.0101278111444
0.0254289542576
0.0128863251106
0.0261434476458
0.000616896154902
0.0153235129665
0.0380802906879
0.00402288938885
0.0375195032102
0.0086103238819
0.128274691997
0.0178086904465
0.0454724569387
0.00474156238707
0.0264414323592
0.236361100711
0.00755212446361
0.00864111580912
0.0301958744879
0.0680856572353
0.190211460421
0.113760328514
0.116111572897
0.00669320130059
0.0446020555409
0.00907153704506
0.00369046095001
0.0405688609799
0.0165375928728
0.00119071869651
0.016470628275
0.0320611776054
0.0905141356859
0.0554242770921
0.011908090152
0.00104791379502
0.0330098555369
0.0110475371605
0.14278278993
0.114937059337
0.0176351969026
0.0430360836665
0.00834462215185
0.0662403080181
0.0141168009823
0.167010866868
0.031203317277
0.00209331997004
0.0264649002314
0.0100926123335
0.0112062237074
0.00779556659657
0.11171529012
0.00826395286124
0.0127270952306
0.0514084469499
0.00778341682348
0.000862391414958
0.0411156033875
0.0443833156366
0.0438776693507
0.00984736376022
0.0106456730307
0.0455484002345
0.0129370345161
0.0159816991996
0.076485541723
0.00523086480586
0.0726599146342
0.00829852047345
0.00878991371564
0.141224230415
0.0455484002345
0.00524870015944
0.0129007999577
0.0328847309441
0.0632593642278
0.0316514151366
0.0295449981351
0.00941866736819
0.00758948032694
0.0392852445704
0.0321686267368
0.00816654813392
0.00879110822068
0.0307191860052
0.0322856591241
0.103674805854
0.0107589777947
0.152154643166
0.00307444523732
0.0195844225669
0.0413829754648
0.0151056856768
0.150359796345
0.010379714022
0.019207408648
0.00825597838053
0.0208323883022
0.00521167255541
0.0327120909304
0.00349883263565
0.133931345477
0.00878003938906
0.00808554677454
0.0388577282935
0.0295279090587
0.00441186984902
0.00756269648455
0.143357467389
0.0084378948097
0.00882479653285
0.0079372134574
0.00720149062032
0.13844109498
0.122782058216
0.0149502301927
0.0141521670527
0.0216247927307
0.00907153704506
0.0122076037547
0.0355257847875
0.0328847309441
0.0347824913287
0.0059890713534
0.0118756583406
0.0184299357997
0.0257566530812
0.0274378106262
0.0107001733453
0.00883254869821
0.0045953478639
0.0125059310542
0.0136363943839
0.0114461921119
0.0257338377096
0.00816674539897
0.0125962006652
0.00864111580912
0.0458791544142
0.00940984523888
0.02687064829
0.00634506366676
0.0278655879621
0.00830349887731
0.0132905823108
0.0339895357021
0.00978574539138
0.238324305225
0.0119562786995
0.0157233233967
0.00440568852682
0.00862546166881
0.0101333135248
0.0321428800636
0.0457090395798
0.0355925825322
0.0112553365474
0.0570314413702
0.129103752618
0.00378412370796
0.0448324394102
0.00850948842922
0.0484171573442
0.2005478479
0.0454724569387
0.00554307000532
0.0217781620222
0.0573335434341
0.0451931896642
0.0152968323586
0.00368210165696
0.154130885152
0.00382625517803
0.0659808293825
0.00843172199437
0.0113732501949
0.025207448042
0.00882479653285
0.00595424715859
0.00353875523582
0.134216759625
0.00283366883285
0.148829892947
0.0382762493658
0.00338062202979
0.00778807362206
0.0144371225212
0.00141341551496
0.158936029141
0.0625221731945
0.14223721339
0.117439704124
0.0438017260549
0.0323728422998
0.0294226705619
0.0208323883022
0.012579141476
0.013139547149
0.0100254277021
0.0228354668087
0.00364975768452
0.00816988923075
0.0162784683779
0.00906916863796
0.00842315685884
0.0570314413702
0.00816988923075
0.0329606742399
0.0320183458059
0.0329606742399
0.0438017260549
0.0323383712024
0.152154643166
0.0234476823009
0.033926042592
0.00705092246688
0.0139631633436
0.0111393769024
0.00376290699149
0.451729564689
0.00738585954586
0.156039570878
0.00378741169496
0.0165611268168
0.0711969713458
0.0693200751767
0.0128006435347
0.0504578248191
0.0768261502038
0.0143629795751
0.00822191894853
0.00704948182769
0.0329606742399
0.00387258911207
0.0327120909304
0.00412275318826
0.0746160462424
0.0163423381355
0.00324081992442
0.00873331648246
0.0310676470776
0.0111367842014
0.0442563505903
0.0594599681326
0.0050605422651
0.00863454522715
0.116126384015
0.019176870235
0.00834434858741
0.0448324394102
0.177641928069
0.00808943328832
0.00880018737382
0.0572127671978
0.0200498050084
0.0328847309441
0.0448828781669
0.00829468781775
0.0364951193306
0.00691083289189
0.107211360399
0.00816957604127
0.000761915098248
0.126714968104
0.0427336373304
0.0116794939397
0.00995166572021
0.0555351632969
0.0472362617969
0.262110534824
0.129103752618
0.0967301094727
0.00622367724525
0.0526478076307
0.0089494002381
0.0543771911227
0.0536570571057
0.00856717643243
0.0110623426005
0.0154700424563
0.0438776693507
0.00886386375435
0.00825283454875
0.0082483406959
0.0348102886765
0.0383162763532
0.00996445474457
0.00382824520426
0.0328847309441
0.140050681611
0.0101983265544
0.00933225355874
0.0270464603848
0.0484171573442
0.0615355370362
0.0729756539717
0.106082092624
0.0173107752927
0.021867858157
0.00414408881798
0.00857053398285
0.0305902583713
0.0933773715023
0.0392974990723
0.0203052714329
0.0046166514565
0.0287536281833
0.0127874511876
0.0143577210596
0.00906307777033
0.00888697863467
0.141224230415
0.0472669863422
0.0531173893279
0.00598453427186
0.0258290911685
0.00375572461011
0.00779556659657
0.115940032999
0.0145626974242
0.00829340898727
0.149284085254
0.0042056529955
0.00301672612098
0.00709793597808
0.122644491314
0.00413939204524
0.0016337435928
0.0487414884901
0.0406196279781
0.0536570571057
0.00608111289679
0.00855502665934
0.00842637554147
0.0132057979544
0.0643461279367
0.00816674539897
0.0035185316059
0.00864111580912
0.0108021581892
0.0140775948725
0.0407698529721
0.0364628033976
0.0206337595613
0.00859555925012
0.0327120909304
0.00857876261206
0.0454724569387
0.00838958802709
0.00703872468265
0.0322188233594
0.0214177904944
0.00838958802709
0.0438017260549
0.0219131186835
0.0217262087769
0.0457090395798
0.0317165584502
0.00414315084619
0.0372024891904
0.0221537455232
0.0448324394102
0.139489766093
0.0626313452549
0.111351106808
0.00519009413446
0.0107141396983
0.00844514573814
0.00843875508846
0.14223721339
0.150270499589
0.0129124580165
0.00850574816312
0.033719808736
0.0953127416581
0.0116791925181
0.00650618191983
0.00408811269139
0.0036237242728
0.0093458780772
0.0456100439725
0.0392928571296
0.0314090299284
0.0043259101847
0.0114036298193
0.0338853939041
0.000814944278446
0.00895591745421
0.0455484002345
0.0138881290897
0.00676040813418
0.00654978394968
0.00275787540734
0.0178323558079
0.0287281675278
0.0384717327296
0.00816674539897
0.0146943730068
0.0552027431876
0.00864191460447
0.0344895342559
0.0320064897004
0.129103752618
0.140050681611
0.0164408200725
0.00826266558884
0.0885187996367
0.186243852448
0.00884841879936
0.0682982753619
0.030307419698
0.00813899907117
0.125905862368
0.0179215379332
0.00820731983749
0.0454724569387
0.0209673449636
0.0454724569387
0.054011320294
0.00650442941722
0.00170130010957
0.0128003180932
0.0128386291517
0.00440238802979
0.12169197933
0.0239752588905
0.010985571892
0.00966250159221
0.0248413733077
0.100834395479
0.0097329233501
0.0113741403831
0.0280581201856
0.032758238193
0.103084874007
0.00851996533648
0.104826710604
0.0224239309618
0.0629092285191
0.185326384381
0.0328847309441
0.00580750862361
0.0159567501014
0.0551400398713
0.014582579321
0.0201088942893
0.0132258555201
0.0457090395798
0.0428476452394
0.00377920224409
0.00855502665934
0.139037698636
0.0215688164591
0.00331690075649
0.00762651303883
0.00802749583505
0.129103752618
0.0170697359556
0.00986906576792
0.194674642377
0.0351087203303
0.0131156349771
0.153320490061
0.0404850117815
0.0295239627851
0.00818530562942
0.036856715491
0.0153033307097
0.00809336345969
0.0542019661419
0.271345289392
0.0253543297334
0.00788165574635
0.00926384823445
0.0387552124129
0.087804465388
0.0109729934408
0.00825283454875
0.00891041042778
0.00827341506167
0.0273471645564
0.0402160852039
0.0543771911227
0.0111745616748
0.113971230004
0.0328847309441
0.00830144076677
0.0185758669631
0.0208633021236
0.0446020555409
0.0103198807539
0.11535579315
0.047840694473
0.0455484002345
0.00940992830651
0.0124434586426
0.0122919282923
0.00312198402583
0.108821327059
0.0325322639178
0.0261434476458
0.131409634855
0.00387309142249
0.0334063529401
0.117079453054
0.0166838402449
0.00387258911207
0.00755653461139
0.010379714022
0.000771526177366
0.00822006229167
0.00894953850771
0.00786950597326
0.00897241780161
0.00789751094682
0.00605028171056
0.0543771911227
0.0196118526698
0.0542019661419
0.0380279135394
0.0249093111639
0.0493438554561
0.0328847309441
0.151168228831
0.0179661422419
0.0454724569387
0.0263227640975
0.32124329778
0.122975649708
0.00818000392401
0.00154437377812
0.0136540773115
0.0182698422194
0.0567597661711
0.00369698465784
0.0471499429107
0.0242195023559
0.0345330950795
0.0455484002345
0.0912266075073
0.00895767190358
0.0217781620222
0.00864757000411
0.00272004172077
0.00851651210387
0.0143636630786
0.00768887794195
0.00736794272143
0.141712113859
0.129103752618
0.00855502665934
0.0147499013069
0.0191976775722
0.0190858916867
0.0208035075749
0.00537169128873
0.00369698465784
0.00890153881275
0.00702892514113
0.0515095960395
0.00964214471765
0.0135167943858
0.0310376736069
0.00870944352381
0.0207135135601
0.0793475396684
0.00765881311824
0.00324081992442
0.00767672816885
0.00491911877373
0.0305219430011
0.026046325023
0.00700047016259
0.0145301594734
0.00658692639575
0.0138756483467
0.00049001534663
0.0111990818779
0.0388577282935
0.00376855728103
0.12725957778
0.00830349887731
0.00460625237925
0.00425177066869
0.0675114688399
0.00262692874266
0.0118946411219
0.00859895632713
0.00850565146523
0.291661993739
0.0100568724561
0.0204290687447
0.00398789039782
0.036111791952
0.093725531101
0.0122919282923
0.0327143465488
0.0147467902088
0.00157793760923
0.0761693610206
0.0296582641742
0.0406010180204
0.0322188233594
0.0118994115123
0.00823108809006
0.0345330950795
0.134913147022
0.0119938456602
0.0687089734228
0.0315510748012
0.0321395021567
0.00528553955908
0.07124327075
0.0374980929924
0.0136772742481
0.00418598441358
0.0346236380525
0.0105806204792
0.0590117980186
0.0303231301469
0.0328847309441
0.031545330699
0.170569659455
0.00154498359333
0.0131943916747
0.0118277403126
0.0268605634615
0.0115478862007
0.141224230415
0.0323079755631
0.117796094727
0.0870795445078
0.0333873952472
0.0704770256537
0.014552395858
0.0217262087769
0.00766877611188
0.115741317863
0.00778341682348
0.0277842713231
0.153788382424
0.00582413485533
0.0445563825367
0.00903968333573
0.0300290918341
0.00373846531035
0.0294716810763
0.0889268830558
0.0522246935614
0.0081401886609
0.02212255055
0.0455445062372
0.0164790114733
0.0374171278438
0.0198605974542
0.00678622314042
0.0384286770296
0.00448074076273
0.00367919318627
0.243661458333
0.0458337710098
0.0158451620869
0.142115353824
0.0136678564078
0.00841801269251
0.0455484002345
0.0467416305033
0.00430178240656
0.150270499589
0.0049208202212
0.0232729619264
0.137127686911
0.152142905714
0.0038913662666
0.00846881986784
0.00858132834357
0.0200146054251
0.00922114737219
0.0430360836665
0.0315959398349
0.0186763516876
0.00254903217418
0.00809921647964
0.00856750224269
0.0377450800935
0.0103999562177
0.0173464457265
0.0123608851656
0.00831912641079
0.100878588993
0.00398456849738
0.0990888224689
0.00211703782988
0.0371526004476
0.00847668788627
0.00882479653285
0.00311934379514
0.0355925825322
0.00324081992442
0.0036237242728
0.0108482349995
0.0344450991392
0.00342600887161
0.0438017260549
0.0123463597053
0.00433185564792
0.00804927655293
0.000646953475821
0.00971788764006
0.0328847309441
0.0100808511755
0.00737290957506
0.0261434476458
0.00328516666537
0.00667381316637
0.0241493109108
0.00848572017665
0.0129296927539
0.011157823482
0.153969667285
0.0424220027497
0.0454724569387
0.0144624702036
0.0060430360269
0.0904735919814
0.00470756864621
0.00176381784164
0.0119275840945
0.0083776168188
0.114720450465
0.00931989818896
0.0150798005683
0.0430360836665
0.0321428800636
0.0394103462575
0.0548557725161
0.00791248056315
0.148087677031
0.0975083352651
0.00839560762512
0.0146863320652
0.00560442487653
0.0492138523791
0.0158133365019
0.00693408957562
0.00703148283386
0.0886370907281
0.00981675980185
0.01258016426
0.0454724569387
0.08679911984
0.00750190933358
0.0116468880421
0.00553128357191
0.14714193012
0.0300746173773
0.00826395286124
0.0135274375109
0.0454724569387
0.00826194984621
0.0323647199748
0.0327120909304
0.0364951193306
0.0328651699063
0.00816674539897
0.00827899373444
0.01914845112
0.0214564785798
0.00452113405759
0.0132680781605
0.0234041764728
0.0461820831664
0.025133220742
0.00872259415103
0.0572127671978
0.00328968024024
0.00378754430437
0.138971539899
0.0184919637827
0.00400046354848
0.0117479419818
0.0328847309441
0.146643361169
0.12651927391
0.0224326517295
0.0816985767206
0.0127666660227
0.00737998592111
0.0115227298038
0.129784030795
0.00333328180306
0.0181023801453
0.0113492988689
0.00820731983749
0.017422274315
0.1770399742
0.00917153546227
0.00488999417435
0.0323383712024
0.0135005793377
0.0327120909304
0.087804465388
0.0327120909304
0.00912976797807
0.0362399926953
0.141224230415
0.00471649203661
0.00874074761344
0.0137958456673
0.0086103238819
0.047741988385
0.0304638734829
0.0190119707091
0.0462148192908
0.0141363944547
0.0258897113231
0.037877210354
0.12169197933
8.94621866223e-05
0.031019802642
0.0112276828602
0.0462148192908
0.14223721339
0.0578201460719
0.187941553005
0.0373414126264
0.0179024095383
0.0929871721598
0.0741551893728
0.00857654363153
0.00839114755585
0.0675815156717
0.00346304500238
0.00993122566298
0.0328847309441
0.000517141485508
0.0105680930818
0.0996634892755
0.0377450800935
0.0386038047932
0.000471376779728
0.140050681611
0.0119275840945
0.0888951469926
0.0307613287529
0.0556668259404
0.043399122541
0.150912988842
0.0391104281066
0.00778333681632
0.00530412229452
0.0207653516588
0.00835004201101
0.00853818152411
0.00172526077855
0.0340998306618
0.0330156324415
0.00829340898727
0.0709214129073
0.0442511833843
0.145351379039
0.0197167925784
0.0905141356859
0.00797717000766
0.00835004201101
0.00891041042778
0.0351057819814
0.137712155469
0.0323383712024
0.00841099875412
0.00275162610848
0.00467751713834
0.0291740861041
0.0135478475216
0.0116416845552
0.00942653177166
0.0374980929924
0.0906675522539
0.0347824913287
0.0328847309441
0.0120090515315
0.191067223047
0.0618424154033
0.0332716197171
0.111617524539
0.00774490226801
0.0117095353884
0.00792169813438
0.00521134594717
0.152154643166
0.0110475371605
0.0483155938006
0.0125641595755
0.0327120909304
0.0682806401827
0.0254145572124
0.112255774446
0.0450330560774
0.145063526432
0.00887895870691
0.00913426791421
0.0120806660477
0.0762749257956
0.0454724569387
0.0426662889187
0.0256207166347
0.0053372988678
0.0143481913673
0.0572925374326
0.0373387375333
0.0428476452394
0.0324814581676
0.0126906956255
0.0151104337444
0.110270603213
0.00734746178916
0.0494083951265
0.016574934181
0.0122592187918
0.0390092621717
0.0908371412384
0.0355210620913
0.0109491039949
0.00447291734411
0.0332220481304
0.153320490061
0.0337933176584
0.00382275694268
0.00408607171906
0.0374171278438
0.114679336029
0.0655905119513
0.0452748611577
0.00383758069936
0.00368210165696
0.0614747452095
0.0738284412725
0.0319835747196
0.0125479454379
0.00886774082065
0.00828567464908
0.027603351724
0.0176249472304
0.0219131186835
0.00953123613211
0.0347322561336
0.111957338239
0.00931862403214
0.0248761258636
0.00328776776703
0.00854775223245
0.0410159254977
0.00348296663223
0.0180763385002
0.00933225355874
0.0135833786319
0.0112247673409
0.220635879846
0.00359846428
0.00482608534487
0.00875724088492
0.0128103666992
0.0117216382503
0.0329606742399
0.0915029614929
0.111242791471
0.0388815769596
0.00852296629887
0.00394494465129
0.00136028733652
0.0211526537242
0.158618482841
0.126322168585
0.0866878440616
0.0228461440161
0.0122919282923
0.183514696576
0.00147978319617
0.0111435031486
0.00797717000766
0.0100763189481
0.0340998306618
0.0218333913149
0.00812899261643
0.00907153704506
0.0297837387044
0.0310388078738
0.0260906094137
0.0226199445594
0.0166282378375
0.00766213900036
0.0111484125837
0.0183890500379
0.143357467389
0.0298421819275
0.131153842643
0.0107298327326
0.0217171784492
0.00599906644284
0.0361792013797
0.00551093025135
0.153788382424
0.109708698306
0.0271932772373
0.00870882329326
0.0126007711484
0.0103783279836
0.0310159011701
0.0702684539276
0.0309087468561
0.0329606742399
0.130777288476
0.0119397083774
0.0787651900378
0.00834803899599
0.00561790837879
0.0179611545448
0.024110626026
0.00850948842922
0.0036237242728
0.0078353725417
0.0478039757244
0.150613002317
0.17894327688
0.00820731983749
0.062985276606
0.0225266666693
0.0102408256208
0.00782444394682
0.0465095776431
0.133585303709
0.109811930089
0.0536570571057
0.041322034531
0.011157823482
0.0424220027497
0.0144189855479
0.0123404307399
0.00324607159144
0.130038558398
0.0385622349886
0.0486186416775
0.0802874005032
0.00855502665934
0.0242999662603
0.148943153268
0.00921308684999
0.00844142722859
0.118215401358
0.0209547365745
0.0136140771637
0.0454724569387
0.0140031614531
0.169475339131
0.0111307948993
0.00311928921346
0.00822006229167
0.0259333027482
0.0561417700254
0.0202414947706
0.0451148041132
0.144899108238
0.0915850058655
0.0438017260549
0.0143936821289
0.164538755883
0.0143015443717
0.0795812665025
0.0306714412851
0.152182132166
0.0121209814672
0.0729746672396
0.0329606742399
0.00891041042778
0.0120310447572
0.00334295724637
0.0438017260549
0.00950996364479
0.0105110907796
0.00969586699099
0.112927299698
0.152428026436
0.00132378177311
0.0005002780791
0.0263430665908
0.0107744426496
0.113971230004
0.0454724569387
0.0240175674525
0.00769500261962
0.00343583036578
0.00851651210387
0.018248883942
0.128026947571
0.00367032304769
0.115267570355
0.00900473286943
0.0215971450373
0.0446020555409
0.00366710305834
0.0151291879923
0.136914670431
0.0354199425185
0.0305889427983
0.0454724569387
0.00923912440179
0.0454724569387
0.0248826371091
0.0545138594588
0.00999581701828
0.205014373512
0.00831578809452
0.0101013262405
0.0268288903856
0.00510225552659
0.008377438254
0.0257946280227
0.0312254322565
0.0328847309441
0.00894356017874
0.0106891793574
0.0452539814909
0.0869193801885
0.019114640545
0.175425539579
0.0888058429731
0.0321428800636
0.00870882329326
0.14223721339
0.0303775744735
0.00750190933358
0.0642003126903
0.00637318490068
0.0658253230781
0.0593680242348
0.0377450800935
0.00563853430197
0.022965324248
0.0118765936649
0.00667031808936
0.0152854389698
0.00875020981388
0.0219131186835
0.152154643166
0.0036532155751
0.0263841508017
0.0432542751526
0.0438017260549
0.0161539030002
0.0183299138838
0.00431296263032
0.0219131186835
0.0162468926281
0.114387334372
0.0127166442399
0.147512044606
0.0208323883022
0.0753510289514
0.00539055515262
0.0143924688097
0.00590783223988
0.0154484604105
0.00358013920703
0.0016546187655
0.0211534375789
0.184038906421
0.0426176994814
0.0010778774357
0.00901609725023
0.0380208630616
0.00550631111091
0.00354042706731
0.00844142722859
0.0454724569387
0.142114216918
0.129103752618
0.0124378446962
0.00615048700948
0.16296846788
0.027826095627
0.0703671006856
0.0101710639407
0.0625192286803
0.0110595537203
0.00418440050422
0.00829340898727
0.008019424083
0.00738325463341
0.0778933827103
0.0773241640067
0.00454646329937
0.00561060428482
0.00973916637547
0.0438017260549
0.0406763143531
0.0594998630216
0.0905141356859
0.0481803085268
0.00431992063843
0.0175166067978
0.0106834969261
0.0454724569387
0.152154643166
0.00816988923075
0.035298411814
0.00795037625522
0.0536395464212
0.00901701066443
0.153272071492
0.0340998306618
0.0568717897169
0.0156219032095
0.0615514196938
0.0579554264884
0.0357468337485
0.0307767014478
0.0121545935921
0.00307369718434
0.0260761764846
0.0222205886168
0.00471825186001
0.00629637169012
0.0208070619515
0.0430360836665
0.0359646941252
0.0079372134574
0.0162465219428
0.0326451742478
0.0327120909304
0.077515482882
0.00822382018488
0.00872970785982
0.00586068022457
0.0208985268516
0.0463368172667
0.00612126596883
0.00830349887731
0.0146748170932
0.00280647063887
0.0323728422998
0.00565544483665
0.0256350365052
0.00687574137052
0.0494926952035
0.00936061451445
0.0859552495697
0.01070585914
0.0721031599413
0.00392271700957
0.00818530562942
0.0341757739576
0.111242791471
0.0476833164743
0.011384617059
0.00480611634933
0.0238960619174
0.13252699324
0.00816225154612
0.0166153253209
0.0293256007158
0.0328847309441
0.00847852767345
0.113971230004
0.00830349887731
0.0103054006897
0.144906075332
0.00822382018488
0.0206360059493
0.0145728424003
0.00835004201101
0.043695316868
0.0010731103235
0.0314244026233
0.00937277422844
0.00854288332481
0.141224230415
0.05
0.0137990167166
0.0763290460888
0.0114003159945
0.010138991024
0.0327120909304
0.0522246935614
0.0356504816711
0.0492138523791
0.00146145423081
0.00372492037457
0.0214155833709
0.0105680930818
0.0217084262824
0.0079372134574
0.0105680930818
0.0065724863389
0.0202019066559
0.158985231126
0.00809921647964
0.011598647587
0.0570314413702
0.0064589597263
0.00864191460447
0.0474652462878
0.00833658034132
0.0239043047552
0.000722131578465
0.0113838550777
0.0314014775113
0.00320510153146
0.0454724569387
0.0101919024973
0.00938845193969
0.0307240927697
0.000931413914682
0.160405027336
0.0268391154955
0.00467253757101
0.0484171573442
0.11171529012
0.0257576459885
0.196248849118
0.00540376316775
0.00840773436605
0.036264308022
0.165749926777
0.0135677945456
0.147134488409
0.0081084531155
0.0520034032741
0.0447111153044
0.0219131186835
0.0447716475834
0.0395559191035
0.00725518224256
0.0551588880264
0.13725822441
0.19325482947
0.141224230415
0.0202859787913
0.0327120909304
0.0057523973152
0.0677839854132
0.0270426526358
0.105528356885
0.0685864109851
0.00778513109183
0.0329379627721
0.150371533796
0.109882570271
0.0068004614233
0.0428921835441
0.00913974517258
0.030307419698
0.00638051728793
0.0153865161328
0.0131947325402
0.0549256431487
0.0497168725807
0.0454724569387
0.008056115878
0.143507349988
0.0416856211294
0.00621856835567
0.00196136221102
0.0217915231746
0.00268376084607
0.0005002780791
0.0125731317508
0.169973382017
0.00866748703006
0.00811137458436
0.00425745316122
0.165374966223
0.0387496249356
0.00874221379764
0.00453053857498
0.0334410384107
0.0203694454059
0.0637837857468
0.0944831976464
0.00881597392999
0.126257544891
0.0457849828756
0.0503443340557
0.0431617085264
0.00780503150181
0.0430360836665
0.0814769781652
0.0126534277892
0.0319238014
0.00936777440953
0.0158956105431
0.00844142722859
0.0163406340878
0.132768054977
0.0278834307546
0.00823596995797
0.0428634436528
0.031880696385
0.0393055200612
0.0465095776431
0.0130227264332
0.0121030927321
0.0616642312413
0.0232136520776
0.020887617595
0.0165957566828
0.130116735594
0.00810551323278
0.00065090387112
0.0176928998123
0.0328644954416
0.00823108809006
0.0281799208831
0.0702815127973
0.0363372030282
0.00207773725874
0.0412714954268
0.00867333523286
0.035042559401
0.00798922514323
0.0329606742399
0.0194092576526
0.105528356885
0.0114460068936
0.0454724569387
0.153969667285
0.62
0.0354199425185
0.108821327059
0.0917165623206
0.00829340898727
0.00643852109772
0.14118490174
0.0118901070877
0.0209644105111
0.0114593218833
0.018833380433
0.0279366136429
0.0125927512549
0.0454724569387
0.00145814987376
0.116748802613
0.0341794133417
0.0703097619972
0.0315758111756
0.0484171573442
0.0082975754834
0.14223721339
0.0227305761253
0.0217370690124
0.00826395286124
0.0130629933762
0.0237538872356
0.00492375763884
0.00809257563326
0.030435889789
0.00875020981388
0.0354199425185
0.0186616917378
0.00354741539443
0.0270403254331
0.0220028148184
0.147134488409
0.00504025719219
0.122836551219
0.150613002317
0.046544628142
0.150270499589
0.0109245007936
0.0257125745902
0.00714013275258
0.0109841838916
0.134771700956
0.00666194388637
0.0388577675612
0.107197539926
0.00244455042036
0.00436753328041
0.16928401453
0.00843042295409
0.00836939403052
0.0204595473403
0.00500599443013
0.0172592244934
0.0347563206793
0.00673738665924
0.0465095776431
0.056422191661
0.0332729901543
0.129050342393
0.043533870062
0.00365947468636
0.00568390961803
0.0321428800636
0.140365416755
0.014216053993
0.0077105119406
0.0375724400798
0.00718193895155
0.128122048358
0.0077878768579
0.00395040776428
0.129103752618
0.112255774446
0.008824321278
0.0104754525969
0.0209939718581
0.155752477053
0.0323383712024
0.146844858096
0.130116735594
0.0484171573442
0.0905141356859
0.00754443260391
0.141224230415
0.00754944989879
0.0552027431876
0.0317050447498
0.00536665749598
0.00807083033132
0.0328847309441
0.00766425988502
0.0104643031804
0.0329606742399
0.00786950597326
0.036480648619
0.0148462007445
0.0104887061503
0.00658501231704
0.105410516595
0.0121237578921
0.12942223298
0.00152367010585
0.0434441431947
0.0119152465932
0.012338016132
0.103740877997
0.00886872766516
0.0448324394102
0.00409549288866
0.0150665159735
0.0325692017642
0.00319425913339
0.0221072684722
0.0197980320477
0.0315959398349
0.069575787923
0.141224230415
0.116126384015
0.0570314413702
0.00353310221129
0.0197558749296
0.0362484538005
0.00598547738236
0.0464729385268
0.150613002317
0.00844142722859
0.0236870770862
0.0228871873093
0.139275787724
0.00851651210387
0.0044970574216
0.0336875929996
0.0205545774222
0.00720216867276
0.141224230415
0.0326338645072
0.00486412157365
0.0215862683282
0.00974644162764
0.0375724400798
0.153788382424
0.0130087113071
0.152428026436
0.0231940659714
0.251524744115
0.0329606742399
0.0328847309441
0.0179401163076
0.00312368342079
0.0190144329176
0.00825283454875
0.120423255536
0.00824943221885
0.0384111140096
0.0438017260549
0.00133159120797
0.0501555416168
0.0361144073533
0.149154224093
0.0126575125185
0.0218466034116
0.0100010652098
0.159207152719
0.00614468638965
0.0111036356688
0.129103752618
0.0564779735756
0.139037698636
0.0215971450373
0.00429925312463
0.203418483219
0.00839002986954
0.0175298164428
0.0803142029837
0.0462062765779
0.00895338501767
0.144144526915
0.00830312875651
0.0328847309441
0.0283695825589
0.0351247106186
0.0192236866879
0.0058351136399
0.139933191613
0.00875001796233
0.0372454478827
0.00529642019295
0.00669004643251
0.0246663012111
0.0306412924851
0.138291269253
0.124771738025
0.171442247763
0.113112416345
0.0215069621579
0.0354034807581
0.00702175948429
0.020357298264
0.00829340898727
0.00635182102717
0.00254645438149
0.0472362617969
0.00811137458436
0.062810156953
0.0552304868919
0.0503328060881
0.0374980929924
0.00514772247001
0.141224230415
0.0103745150654
0.0340998306618
0.0114435001055
0.0973161946786
0.00638462348914
0.0236870770862
0.00207404882292
0.112255774446
0.0341347867135
0.0166518134948
0.0803483768582
0.0328953687578
0.0582388861235
0.00436467166056
0.00844514573814
0.110540214581
0.00947551784648
0.0120719532245
0.140050681611
0.0121339891025
0.179552543063
0.0145341865054
0.018842197403
0.00323593021692
0.0100785117925
0.0242639980079
0.0109121823332
0.0486277764843
0.00431194341295
0.155891802725
0.0110718419238
0.0005002780791
0.0103368157395
0.0143928141789
0.0790487969635
0.0039518433204
0.0272669947274
0.00895673653626
0.0328847309441
0.0388398965963
0.131153842643
0.139037698636
0.0363204145061
0.00410006984378
0.0565951851963
0.0328847309441
0.00515152838332
0.112490389186
0.0200983032861
0.080763287184
0.0306177107486
0.00524753414241
0.0455484002345
0.0542019661419
0.00902166462022
0.018381254011
0.111242791471
0.0570314413702
0.00838958802709
0.151378611384
0.0145168951348
0.0108983566077
0.00879118424847
0.00864191460447
0.0184891587499
0.0240123954547
0.00410152582181
0.00840733957159
0.0112225073226
0.0480239995623
0.0505777678448
0.00830349887731
0.0105680930818
0.0310388078738
0.0615355370362
0.0618047258457
0.0511664338352
0.0307828817865
0.0290597325192
0.0129044894853
0.00938845193969
0.0213623092542
0.00998332501581
0.0206711668449
0.0146010418337
0.0267769358867
0.020326035268
0.0193301508831
0.00392276040378
0.00949771467678
0.119265984833
0.0557559106262
0.0208323883022
0.00561883128623
0.0222675711501
0.0364429711307
0.0024755716709
0.153788382424
0.0100399853007
0.00316024357937
0.04849310064
0.0949789826842
0.0107301081773
0.00607588404698
0.020887617595
0.120637833633
0.0777225599672
0.04849310064
0.00806181716265
0.0111657978296
0.0484171573442
0.00874483154865
0.0430360836665
0.0124566980177
0.0457090395798
0.0688065515196
0.0390963536549
0.00532917979088
0.141224230415
0.0273636830657
0.00659132314626
0.0766703877934
0.0119663746583
0.0537533920529
0.0454724569387
0.00427592416055
0.0316213873219
0.0331291593431
0.0140034672186
0.00401490848081
0.00574471062168
0.0168775754436
0.11832292761
0.148314914537
0.00885877159949
0.0484171573442
0.0327120909304
0.00150829040249
0.000733765343981
0.0454724569387
0.107232527651
0.00828790469015
0.00348977850683
0.0769083764338
0.0484171573442
0.0187815246421
0.040262158147
0.0237030455653
0.0310681093938
0.128119837967
0.0301618067245
0.0108857919638
0.0034397868993
0.00352604735638
0.0528963990495
0.134558047844
0.00321979793881
0.186719595116
0.163657209009
0.0438017260549
0.0492897956749
0.155660788549
0.00809408397424
0.0839055642456
0.0455484002345
0.0128314249632
0.015276942731
0.0557714676784
0.108224494557
0.00449244408926
0.325879439345
0.00873795247215
0.0888981648273
0.0346693958501
0.0208323883022
0.0615545861077
0.12954486434
0.0227492342942
0.00796875975445
0.156007637965
0.0234463381916
0.0383960149582
0.00822037173553
0.154130885152
0.0110475371605
0.0140559789399
0.0170092958224
0.0494611654824
0.0101959679152
0.00663179957259
0.0493254874237
0.0354199425185
0.025410324135
0.00368547595088
0.000977388411711
0.0216746419106
0.111784698226
0.122409041025
0.030099984179
0.00496707799934
0.0150112855759
0.0455484002345
0.00980379942199
0.0336486669113
0.0383398987919
0.0966075094242
0.00868953340077
0.13165697051
0.00425097176889
0.0839136079521
0.00981821147734
0.0411967677597
0.0112281473861
0.0202199771434
0.008188877721
0.00419265180073
0.0471829097314
0.182343873476
0.00324081992442
0.00841816982068
0.153212310811
0.0436442239918
0.00719910724807
0.0106474498697
0.038001020008
0.0415584442514
0.0401414623299
0.0259708076321
0.00668659458115
0.0541108552345
0.133141281188
0.0626313452549
0.0268428033509
0.0485816489916
0.216350330449
0.0548089448111
0.0166882288983
0.00683384919378
0.0107751283806
0.0105680930818
0.00483631218019
0.014322318148
0.0528789466737
0.0370277257647
0.00629087470884
0.0215190746385
0.0317663594431
0.109238390139
0.00781841385594
0.00685040736843
0.00952814602012
0.0454724569387
0.020300005005
0.038457014132
0.00946752078647
0.0124668475263
0.0202996733123
0.072423876284
0.00765881311824
0.0140220396707
0.0453585477892
0.000667532221911
0.00173008470852
0.00812837587238
0.0371632539842
0.0446020555409
0.00865852842419
0.0513325036541
0.0439042954167
0.151168228831
0.0282151913637
0.0696973092647
0.0484171573442
0.0090612264059
0.0427829506966
0.0128816824926
0.0027183572452
0.00975331729103
0.038052698363
0.0321692809632
0.0191258367393
0.152428026436
0.141224230415
0.00811137458436
0.0225005644717
0.153969667285
0.00884781409636
0.012163448182
0.0326338645072
0.0107569528275
0.00832463308362
0.233511131408
0.0334079718561
0.0157785311161
0.14848739022
0.0374171278438
0.0570314413702
0.0693081903837
0.00677456862303
0.152154643166
0.00822382018488
0.00666622954299
0.00823108809006
0.106176784136
0.0377450800935
0.0169466269535
0.0570314413702
0.0965893079133
0.00576361083677
0.146148074074
0.113971230004
0.0131865483074
0.00857647045058
0.152142905714
0.0502407519999
0.148829892947
0.0969391243983
0.0322178595524
0.139037698636
0.0147741961172
0.0121311889724
0.0430360836665
0.00912603587072
0.00886680484242
0.109238390139
0.00316170286553
0.0663480930379
0.0216503246479
0.0247661819808
0.011666484692
0.00964434870552
0.00748229861667
0.0492897956749
0.133367698891
0.116126384015
0.0140667216619
0.0885503935512
0.0345330950795
0.0116066909384
0.0163480751779
0.141224230415
0.150371533796
0.125146959963
0.0327120909304
0.0438017260549
0.00823108809006
0.0323771980116
0.00850222052405
0.140599089593
0.0115076299349
0.00851651210387
0.00862927597312
0.0410102859642
0.00873798521201
0.0127337308358
0.0122842741612
0.193315418678
0.0403456154805
0.00540786750019
0.0245102070536
0.0215665680523
0.20439741829
0.00842371251768
0.0614092818296
0.010796042036
0.00324081992442
0.170338363064
0.0329606742399
0.00754508068763
0.032367931266
0.0242336003069
0.0191716550255
0.0471754699701
0.0927732771922
0.343675213675
0.0185415007496
0.139448983973
0.0101481300892
0.0227551868975
0.0589065071069
0.118381557438
0.0570314413702
0.017859640573
0.199915318314
0.00816674539897
0.12942223298
0.0288855085706
0.00843823728517
0.0513325036541
0.00915280245947
0.0327880342262
0.139037698636
0.00850574816312
0.160553771492
0.0340998306618
0.0328847309441
0.00440978424914
0.0079372134574
0.00876295827091
0.00895356534625
0.0719376868424
0.0117936558116
0.0731175224693
0.135360113692
0.00380557851506
0.0199340344936
0.0349595175196
0.0218895526142
0.150371533796
0.008935253489
0.0694788813016
0.0242904461271
0.00805729133427
0.0138462733516
0.0152296158687
0.119523320129
0.008142723207
0.0113040067355
0.0116242339941
0.0310388078738
0.021195290062
0.148295410434
0.0320846393743
0.0955109176881
0.0929845370054
0.00721946442855
0.00863454522715
0.00900554617154
0.00847462361218
0.0358098157729
0.012474286069
0.0149266306991
0.0218333913149
0.00672304252978
0.00790364754627
0.0354430762689
0.0093265791036
0.0290542722572
0.155991272046
0.204664601827
0.0327534246313
0.0371196885219
0.0349022041838
0.146967692314
0.0403942958606
0.14715901029
0.00890714871107
0.00825597838053
0.0070046794774
0.178604443364
0.0457090395798
0.140149957683
0.0318299385469
0.00712216940457
0.145359664161
0.0327120909304
0.00707462806303
0.114720450465
0.147643790878
0.0281704822492
0.0128812777556
0.00689493958476
0.00888691014427
0.0133628913018
0.00289129544726
0.00748373966027
0.037115152331
0.139037698636
0.0340998306618
0.0162718910017
0.042711662869
0.0131500660355
0.0428130912976
0.0313873146169
0.0545138594588
0.00755257366214
0.00864191460447
0.00937679367742
0.0118863404724
0.0149333270873
0.0124661123774
0.0274823978505
0.0217686992055
0.0229917902632
0.0328847309441
0.00875001796233
0.00311934379514
0.016465747753
0.131153842643
0.0377450800935
0.00613908166315
0.0209532295219
0.0115215709938
0.0438776693507
0.0570314413702
0.00900070918655
0.132427052512
0.181504284797
0.0158951663923
0.0068284670097
0.0136811049486
0.0484171573442
0.0331069557774
0.00308162443003
0.00816674539897
0.00844142722859
0.0308916866817
0.0101199949702
0.00641518734189
0.0257889366274
0.0124176292301
0.0205860357253
0.0251419909927
0.0107776407353
0.0542604966894
0.00245415462309
0.00760957855503
0.00348051788648
0.00968823407382
0.0122875557308
0.0207421935982
0.0103165062026
0.118312025659
0.02137031316
0.0196326587493
0.0330040811324
0.00530873962307
0.00825547534027
0.0154421060583
0.0192727677545
0.1770399742
0.000632108503853
0.0408842177115
0.011058560369
0.00945714023826
0.141224230415
0.00564632074161
0.138361176752
0.0657089227916
0.205507726405
0.010150956055
0.00901481190964
0.00430608156239
0.0484171573442
0.00691168863939
0.0114754293594
0.207263991175
0.017728601975
0.0336875929996
0.00935829393371
0.150613002317
0.014660640571
0.00375916071816
0.01014585538
0.00509883311026
0.00866778864043
0.0897722848054
0.0100141319701
0.00559221108082
0.0106642516857
0.00839114755585
0.014524863532
0.00825283454875
0.00227813894179
0.0340547092366
0.0503328060881
0.0169140808502
0.0122592434538
0.0311333847477
0.0226792160677
0.0612728144077
0.116748802613
0.0455368309461
0.0697838634473
0.00844142722859
0.0086103238819
0.0200061346884
0.0204683275732
0.0144282882451
0.0154499863434
0.0112654641861
0.0573505395042
0.0559519383305
0.0086718488626
0.0138792965285
0.0205516789651
0.0212129232613
0.0041247935547
0.0203694454059
0.00755168146568
0.0315088809619
0.014705189601
0.00706003858413
0.0184014777621
0.00413491935999
0.125858735863
0.153969667285
0.121043878156
0.0172892242662
0.128529813491
0.0172028258872
0.00872970785982
0.0154307923408
0.0975695681213
0.0458964467379
0.0267616675264
0.00861528115179
0.0831032932312
0.0327880342262
0.139037698636
0.152154643166
0.011011716291
0.0328847309441
0.0107317930883
0.00797717000766
0.0328847309441
0.00147978319617
0.0446589884359
0.161020528275
0.0091245555237
0.0349172413826
0.0406804425706
0.00719122320469
0.00856288372368
0.0134178141812
0.00952814602012
0.0263611786732
0.00543439818785
0.0471754699701
0.148743983995
0.0405002780791
0.0420113045747
0.0485151465281
0.0371961090629
0.00999104289458
0.0368676193717
0.0309478367707
0.00956298348905
0.00573065537192
0.0485908440807
0.0374178082101
0.0125258962821
0.0224813639395
0.0909337506261
0.0347824913287
0.0219213813436
0.00844142722859
0.0449007330818
0.00870238370812
0.0522246935614
0.00422532930328
0.0423848418033
0.12834717
0.00185657629109
0.0203916798299
0.105105385798
0.126614764561
0.0108490963596
0.00106223093861
0.0158084411434
0.00867887163215
0.5538463501
0.00818172581436
0.0328847309441
0.00481667521506
0.00951243610021
0.0224056870023
0.2005478479
0.0537918474296
0.0336875929996
0.00843042295409
0.00886422772903
0.0175816619256
0.178549140872
0.00935892149862
0.00616097679564
0.0345330950795
0.128316129997
0.00765881311824
0.0309742376697
0.112255774446
0.0085319179964
0.00822613095496
0.00324006000542
0.129306898759
0.0454724569387
0.0102012727744
0.0370091267167
0.0086103238819
0.0231896642105
0.00681100212552
0.140915021485
0.0245828741646
0.0489511516778
0.00378741169496
0.00906218548514
0.0372454478827
0.0218333913149
0.173496857147
0.0156462177385
0.0199363083117
0.177898593569
0.111144572554
0.00251401854051
0.00826513323496
0.00857275127576
0.1770399742
0.0102729607999
0.0608068587456
0.0572127671978
0.00851651210387
0.0154890725318
0.0293357332909
0.112460159356
0.00683555561877
0.154449631197
0.00608163786969
0.0412270402864
0.00236485656235
0.00449582411479
0.149925200064
0.00326138522516
0.00825283454875
0.0110610925698
0.120249599564
0.00924999792839
0.0449929767505
0.025738247744
0.0126990774944
0.0189940620109
0.031864887447
0.0196879564529
0.159096249321
0.0119388101602
0.00673738665924
0.051845345506
0.0513325036541
0.0159988460109
0.154150728415
0.0484171573442
0.00132213898513
0.0812288664402
0.0130130721329
0.020887617595
0.00777652662049
0.00825283454875
0.0219172866132
0.010285349545
0.0438017260549
0.130520733274
0.0353042507151
0.037469542572
0.0290551024403
0.096371329991
0.00378443827312
0.0454724569387
0.00920711022894
0.141224230415
0.00856382513653
0.03141347643
0.0602954081016
0.00818172581436
0.150270499589
0.00665164386142
0.129103752618
0.00561935921153
0.133781535541
0.0520054207298
0.00632426758569
0.00844047957686
0.0718904006483
0.0137801545138
0.00866001376303
0.00483096108549
0.112255774446
0.0438017260549
0.0328847309441
0.0252915590004
0.00885431156506
0.00706098511865
0.0340341918756
0.00348979885357
0.139037698636
0.0209673449636
0.0152824306828
0.0110727655248
0.00388492092609
0.0272984602541
0.0158849136949
0.0422710204835
0.016219926446
0.0438017260549
0.0454724569387
0.0260239248732
0.0322856591241
0.00759742359489
0.00329633454375
0.0213754965696
0.018813230498
0.146643361169
0.0513325036541
0.0321423150435
0.229008758021
0.00312209804814
0.00414272369978
0.0124407065427
0.0189514724007
0.0159274599955
0.00776958231489
0.0109530155629
0.00888606519549
0.0305157211054
0.072956141742
0.00506529974873
0.0152682769905
0.00856974944338
0.00425168990863
0.0200344062335
0.0257244193014
0.0465095776431
0.0111589204638
0.0226890938629
0.0524645283843
0.0492138523791
0.157554608472
0.0369932881443
0.140050681611
0.0131877795232
0.0323383712024
0.0231818083723
0.00124487067242
0.0143284846833
0.15115649138
0.0164138172977
0.00655289680226
0.00825283454875
0.0332224349892
0.0141992775459
0.00887462166757
0.0871511783715
0.0527757080574
0.0073358159782
0.0408537449943
0.00818841213588
0.00894127514389
0.0064898107415
0.017722102151
0.050026730685
0.0084301624656
0.0190802360161
0.00435143671953
0.00873503019586
0.0104887061503
0.133585303709
0.123786561636
0.133585303709
0.0140971092727
0.00729628534183
0.0119211222427
0.0101082759115
0.0518789999371
0.0208877863446
0.00825340093222
0.00825753790929
0.0313338211382
0.0486864612021
0.00796028054339
0.163005981017
0.00319425913339
0.141224230415
0.0111971715894
0.00303165750738
0.00241630333243
0.138644663854
0.00364580450673
0.147991568677
0.0129993689915
0.150371533796
0.0327880342262
0.0454724569387
0.0450742842875
0.00655538586612
0.00722084716352
0.00739110666288
0.0340698882672
0.0221499408628
0.00891131127091
0.0333545274536
0.0052583746741
0.148829892947
0.00690506866515
0.00788267060467
0.151181929404
0.0130565990039
0.0122724686697
0.00661363272603
0.00365947468636
0.03141347643
0.0505693887292
0.0077878768579
0.0295256486156
0.0388577282935
0.140625212722
0.0438017260549
0.0188375285443
0.0492840964594
0.00741582018381
0.0129500080906
0.0206598962252
0.0113791732431
0.0112683303939
0.00287833775578
0.140050681611
0.0120482212823
0.00649660684787
0.0108627627252
0.0696221003384
0.145480919456
0.00945023849433
0.00368096239524
0.00819334008578
0.0153632920843
0.00838958802709
0.0633223147397
0.0357444179699
0.0170011264013
0.026108893704
0.0327120909304
0.0077878768579
0.0536570571057
0.0550597146629
0.00816674539897
0.0552027431876
0.0209673449636
0.0828333074561
0.148855843596
0.00566985638993
0.0255307798605
0.00776281731863
0.0278821376684
0.00821015047979
0.0131901993904
0.0120187244422
0.0454724569387
0.00830349887731
0.0304943296046
0.00794405878073
0.0261434476458
0.00685040736843
0.0583519229132
0.0264804979111
0.0454724569387
0.000510088381277
0.0688956819709
0.00461561694104
0.00915280245947
0.00797744341669
0.00209133859256
0.0259708076321
0.00827450128566
0.152142905714
0.0104887061503
0.0105328238696
0.113971230004
0.0258398983279
0.00488751553976
0.0138967432786
0.0176104978676
0.00839846085216
0.00246149599978
0.0235322497235
0.00464875943989
0.137712155469
0.00825283454875
0.0472362617969
0.0396085279973
0.148829892947
0.0454724569387
0.17052141867
0.0155364089072
0.0455484002345
0.14848739022
0.0752512787176
0.0414396450313
0.00895591745421
0.0084013183164
0.0291740861041
0.0276116313094
0.114303848812
0.0177345408119
0.0305392752472
0.0342690351594
0.0228716541654
0.0454569204854
0.0112405417487
0.0261434476458
0.0428159156262
0.0266233265345
0.0151491615513
0.00315895322426
0.114366341771
0.000743242261121
0.00883404722905
0.00348979885357
0.153788382424
0.0220028148184
0.00471462304868
0.0148958958373
0.00350276228388
0.0342244040995
0.0192121354286
0.0452353474272
0.0267523472802
0.00809921647964
0.0869070011694
0.017259006323
0.0454724569387
0.00298501476407
0.00990903381018
0.0354199425185
0.0005002780791
0.0203293583893
0.0237618556567
0.00851651210387
0.163305543824
0.147971079288
0.00864786398994
0.017072238719
0.0437341131055
0.0234514299301
0.0678965609197
0.119892339896
0.0166555216795
0.251259040246
0.0475684805662
0.00359867088996
0.0328847309441
0.14848739022
0.0148708514119
0.00634430668948
0.149243455087
0.0283458179458
0.0104229647207
0.0414538893828
0.00907153704506
0.00479963007624
0.0526960785479
0.0112281473861
0.151168228831
0.0528963990495
0.0128622355086
0.114143870018
0.143507349988
0.0134019387406
0.0192298096434
0.104557343379
0.0501327720747
0.00326899229246
0.0328847309441
0.00765881311824
0.0313358735442
0.00860900477545
0.0314090299284
0.00421837127262
0.0832263852224
0.00449244408926
0.0905141356859
0.00117436448386
0.0129421235588
0.0383960149582
0.000647489313527
0.142799250595
0.00897235517274
0.0337355203178
0.00776135178312
0.024752902817
0.0307604800099
0.0431617085264
0.116126384015
0.0323728422998
0.0320611776054
0.159063105077
0.00322839732858
0.00627516625461
0.0105882454238
0.00463603863688
0.0365250851762
0.0438244247902
0.0259064409908
0.0526478076307
0.0741428042626
0.166501730147
0.0782382741559
0.0442511833843
0.00976748208752
0.0301193822518
0.0152009053561
0.157254855819
0.00912699887097
0.14249170352
0.0267308166511
0.0347824913287
0.00960846731463
0.0278653261332
0.0324814581676
0.013917198248
0.00361213445962
0.0903414956721
0.0354199425185
0.00844142722859
0.00841267732174
0.00835844053739
0.0454724569387
0.155660788549
0.0128773621472
0.00845209237433
0.0393410229976
0.0135190359363
0.00319425913339
0.0189374143167
0.0240946262627
0.00796875975445
0.0166864221956
0.0340998306618
0.0513325036541
0.0119622779643
0.00470179354005
0.151168228831
0.00448299051389
0.0773241640067
0.0374171278438
0.0116079085254
0.0084281725521
0.00820731983749
0.00825283454875
0.0235818075781
0.0132207283833
0.00820731983749
0.027865213201
0.0130228749654
0.00815859202681
0.0178073449303
0.0377581028936
0.0455484002345
0.0457849828756
0.00838958802709
0.0380650193031
0.012603213995
0.011157823482
0.0209242698497
0.0321192799387
0.00305972768282
0.0438017260549
0.00143309308802
0.0180667134402
0.0155743186438
0.0328847309441
0.0049950844829
0.14223721339
0.0132580851463
0.0492138523791
0.0103693793669
0.0937117494003
0.0222592044175
0.0196646580136
0.0728889260102
0.0354199425185
0.0219131186835
0.0323728422998
0.000510088381277
0.00965541963779
0.147511654027
0.00910993685989
0.00818353048174
0.00341609715976
0.152154643166
0.140456618897
0.00258783248376
0.0143382872529
0.0318861920063
0.0327120909304
0.150270499589
0.00341337718214
0.00678189847565
0.00933225355874
0.0374476929428
0.0117267266762
0.00829134910422
0.126794330239
0.0145826942129
0.0305221290306
0.0320611776054
0.106716149525
0.00930006495939
0.111957338239
0.0228815125492
0.045682933216
0.00821128551765
0.0328847309441
0.0125936711877
0.0191914639028
0.0310563420173
0.0550726876836
0.00398410286321
0.00281933494589
0.0327120909304
0.00820731983749
0.163548857541
0.034654992214
0.0387496249356
0.0329422494365
0.00660453881316
0.00340717297245
0.00479393042082
0.00494421604689
0.00819569359609
0.0484171573442
0.193070539443
0.00455543508495
0.0371196885219
0.0295735453488
0.0150349421466
0.0174279734877
0.00270791541198
0.0786699969295
0.0257363609258
0.0477698701385
0.021123388038
0.0347824913287
0.00324081992442
0.0324233753215
0.0122259235739
0.0377099495333
0.0418498179671
0.14223721339
0.0191716550255
0.00866789449271
0.0286407793391
0.00717843927765
0.0114698941589
0.0454724569387
0.148295410434
0.0090196846877
0.0232594282851
0.00551950829827
0.14223721339
0.00844142722859
0.0154566122325
0.122757247472
0.00844514573814
0.00835004201101
0.00918494152763
0.141224230415
0.00856489142685
0.00823108809006
0.0438017260549
0.0102456804194
0.0441632418446
0.0365272987545
0.0310376736069
0.0194717196968
0.0247873618829
0.026108893704
0.0480628075626
0.0601147407822
0.0718904006483
0.0321428800636
0.0313708818367
0.0209196757021
0.0245701019586
0.0303350513862
0.0261338039564
0.00811137458436
0.00966080925339
0.0262649415507
0.0514100581922
0.00901292961125
0.0570314413702
0.00856974944338
0.0220553186582
0.0527187429787
0.108821327059
0.00967184209605
0.0372941726984
0.0457090395798
0.0376770020039
0.00665885198714
0.045297086241
0.0487414884901
0.14109192286
0.047716960949
0.00206926098487
0.0328847309441
0.0450854692527
0.0784700980257
0.0514084469499
0.00973043785529
0.143831681134
0.146058861476
0.00848559650365
0.0760476794278
0.0363466893911
0.0262885204087
0.00859555925012
0.0107767805018
0.0454724569387
0.133442380926
0.0423429750514
0.00843042295409
0.00883254869821
0.00835004201101
0.0255527311459
0.0123614159082
0.00843172199437
0.0190975037985
0.0298575546224
0.0333280697518
0.00844514573814
0.00869441508894
0.0328847309441
0.0120199600943
0.0109247085215
0.00887512285184
0.00472760897946
0.00466489360345
0.0438017260549
0.00872044982257
0.112255774446
0.0264082012365
0.0132260210793
0.0616678546677
0.00768674392667
0.156758258197
0.154130885152
0.03680768225
0.0101267638284
0.0324233753215
0.0313258090705
0.028557126544
0.113971230004
0.00891605123357
0.0252354265788
0.129103752618
0.0146832293525
0.0249938961562
0.0210588217632
0.0322188233594
0.0328847309441
0.0241774714171
0.0193945502172
0.00779556659657
0.0311698302061
0.00722095644231
0.0191964327983
0.0107996059791
0.0126218601721
0.0475831567964
0.148829892947
0.00336812861542
0.0150020075096
0.00778341682348
0.00766535381799
0.114143870018
0.0433016337249
0.0317040431928
0.00415885052225
0.00883737986141
0.00865554000598
0.00741556690143
0.00855502665934
0.0366382439903
0.0240432343415
0.00690041962074
0.0524839150037
0.0340998306618
0.0151026669398
0.0517469130693
0.156807866558
0.00764022234069
0.0553349029128
0.0122362281087
0.0137235610707
0.19027276136
0.0484171573442
0.0513325036541
0.0539650136199
0.0329606742399
0.0522783664962
0.0113385587523
0.00829340898727
0.019982342175
0.00336484166424
0.0316636023456
0.0317040431928
0.0110475371605
0.0209846064626
0.00781828774667
0.0189391023533
0.018144753391
0.0341757739576
0.00893141726008
0.111957338239
0.00769339093392
0.0122576385389
0.0443653970364
0.01207389332
0.0457849828756
0.00875541224868
0.0455533893455
0.0516147389251
0.14137839973
0.00866789449271
0.0654130969364
0.0225531349558
0.0570314413702
0.0327120909304
0.00789571824614
0.00244287414991
0.0338722308838
0.0387844440087
0.0204842453614
0.0123437022878
0.0324814581676
0.0108095328906
0.00820731983749
0.00384539669052
0.0117051594774
0.204751905564
0.0347824913287
0.0124406262717
0.139037698636
0.00396697914485
0.035391167356
0.0220195427517
0.0162939001112
0.0131933559867
0.0528963990495
0.0134330672927
0.178855912877
0.00815164199873
0.011157823482
0.0125700507886
0.00605958218252
0.119155690106
0.0709587261885
0.0043068667129
0.000711758441638
0.0102391995456
0.0346320934444
0.000825774575831
0.0488325949553
0.0229485885383
0.0103268738634
0.000701450386112
0.00844142722859
0.0335200344482
0.00316024357937
0.0570314413702
0.0415533086638
0.006912211239
0.0680916687309
0.141224230415
0.00834181318316
0.0446785044121
0.157915551
0.00933225355874
0.00945943513524
0.00311928921346
0.00358988663944
0.0448324394102
0.0340998306618
0.144263396049
0.00786950597326
0.279880702315
0.00847331103213
0.0214927344723
0.000747191659347
0.0108627259852
0.000994738488024
0.00797210694919
0.052353944217
0.0588804755188
0.125340322261
0.00337450442003
0.014261532535
0.0169794950705
0.00200779663676
0.0674871822995
0.0534976698714
0.0111660540372
0.0457090395798
0.334257440418
0.153788382424
0.00824741991418
0.0519500503586
0.147134488409
0.0215825076407
0.00368618483492
0.0220474036774
0.0134822691262
0.00980811004781
0.0182407816808
0.0209673449636
0.0347824913287
0.176805358593
0.000736823480635
0.00835004201101
0.00843042295409
0.157923046166
0.0531675115858
0.0228430599834
0.00823596995797
0.00816674539897
0.177910002246
0.00519828578929
0.00742242615489
0.0328847309441
0.0352218531821
0.0104887061503
0.145303217247
0.00833014835188
0.0304943296046
0.0254957078316
0.0104555865176
0.0328847309441
0.0174466541327
0.080395093983
0.00944163921793
0.0185270802932
0.0764109344542
0.0206276428032
0.161418010311
0.0109289729479
0.127421331236
0.00806993319034
0.0354330974387
0.0103713118693
0.131007537745
0.14223721339
0.0492138523791
0.00859617616607
0.00995344063042
0.0120986102649
0.00831813666168
0.0719071201221
0.0156416483139
0.152003047062
0.0373666456097
0.00685461549952
0.00765707275563
0.141224230415
0.00402391359842
0.00394717593431
0.0327250737296
0.117079453054
0.034823459921
0.00894839170471
0.00195439139285
0.150341006192
0.139037698636
0.00474823543102
0.0150705135041
0.0220028148184
0.0215556595683
0.0454724569387
0.0230803815949
0.0171428115977
0.0430250445399
0.0208323883022
0.0315959398349
0.00516403507244
0.0616393515512
0.0102759993106
0.00844514573814
0.0389533344302
0.00581991760087
0.0461229538899
0.0320611776054
0.00856717643243
0.00963914687271
0.0250995812761
0.0275209192336
0.0105680930818
0.020300005005
0.00918499727081
0.0188776692922
0.00914486055506
0.0077878768579
0.016156714101
0.157915551
0.00275967447397
0.00910576406295
0.139037698636
0.113971230004
0.0271018894224
0.00830990933466
0.0334063529401
0.128439206062
0.00524752064017
0.0126417111374
0.111957338239
0.0209673449636
0.0666252783061
0.0321296496461
0.0260701591901
0.000858559662902
0.140365416755
0.0085834354208
0.014364878076
0.00482741958128
0.00551843913122
0.0124294264136
0.065296361497
0.0340998306618
0.0114072901451
0.00820731983749
0.00544136505675
0.042245906595
0.0515308907022
0.00856717643243
0.00508227647663
0.139037698636
0.069070638556
0.0147741701183
0.0358886468496
0.000800411449155
0.0311739743775
0.0390956526828
0.116149068916
0.0204986580206
0.0524971480873
0.0108781315147
0.111957338239
0.0507296191646
0.060810043861
0.0527237509264
0.00866325405322
0.00993998781206
0.018424103941
0.0272119007052
0.114143870018
0.0431617085264
0.0220361560419
0.00084202693462
0.0119843901153
0.0195559741908
0.00897692125177
0.00463034783413
0.0219131186835
0.037946884082
0.00808785087072
0.014508280509
0.0032428694605
0.020783028569
0.0499319649545
0.0307078657192
0.157915551
0.00322050448934
0.00844142722859
0.0202418415789
0.0312568532777
0.04849310064
0.116126384015
0.0119786591725
0.0372969978138
0.0453660477518
0.0106406102341
0.0039467146752
0.0991026057028
0.0312257177804
0.00329769725293
0.0185915320206
0.0458304440245
0.00934234412888
0.00344340558821
0.0209939718581
0.00409483183489
0.00970305332335
0.0380598114226
0.0109135478906
0.0347824913287
0.0223103909357
0.109103831733
0.213912671562
0.0293720448394
0.0592553933269
0.0318742676988
0.109038871653
0.0778859166565
0.00823900471897
0.00830864989115
0.0120548995547
0.0297028090502
0.0484171573442
0.0457090395798
0.0128553018241
0.0100334065394
0.0364430697586
0.0484171573442
0.0277049001446
0.0165390916707
0.0390369710713
0.133616343712
0.00154836997835
0.0165616260633
0.249481481481
0.00316812226114
0.00909290595061
0.133585303709
0.0484171573442
0.0218565667057
0.0417548745798
0.0431009166997
0.119483369436
0.168209492936
0.0435281091811
0.0579256346282
0.0335709711338
0.03141347643
0.0329606742399
0.00834803899599
0.0344833660358
0.00778807362206
0.0115848889731
0.0129127616429
0.00375741569413
0.0108627259852
0.0174885524074
0.00532951337566
0.0501648785442
0.0795031956501
0.143667573116
0.0813979663164
0.139037698636
0.0290491695211
0.0549441281275
0.00245878818039
0.00786950597326
0.0555351632969
0.109238390139
0.0454724569387
0.113112416345
0.140365416755
0.0253670428235
0.0928699518185
0.0671443261333
0.0328847309441
0.0240097256457
0.0066849954963
0.00059737664243
0.129103752618
0.0321549019733
0.0484171573442
0.0515768751277
0.0163729912384
0.0106739678894
0.0318756700045
0.0106891793574
0.0169196948358
0.0537762133546
0.0529732546337
0.00832266122145
0.00820731983749
0.00989607253074
0.155991272046
0.147991568677
0.0430360836665
0.0157922673545
0.007432220557
0.166536815103
0.00927108642059
0.00779556659657
0.0528963990495
0.00839924686538
0.00933225355874
0.111242791471
0.0445412637142
0.150270499589
0.0311519592412
0.0355925825322
0.0367773976291
0.00371944676698
0.0103248663747
0.0271291600706
0.00532040777476
0.0492897956749
0.0136233585935
0.00402815400308
0.00744123927112
0.00623216610932
0.00820731983749
0.162598418091
0.0553277879894
0.0553277879894
0.0244650636472
0.00665129750946
0.0208451397409
0.00168325748607
0.0114153337743
0.00833192354273
0.0327120909304
0.020801658687
0.0438776693507
0.0032428694605
0.0062725808372
0.0137710476564
0.0335183043755
0.0882890233588
0.08563566397
0.0388577282935
0.141224230415
0.00466967980914
0.000732043586939
0.00816674539897
0.0144003864424
0.00899928540958
0.00939995656664
0.00401844712383
0.033743458188
0.0328847309441
0.0141710770015
0.00151152446057
0.00483529479056
0.00655538586612
0.00658247375583
0.0240046323122
0.00937277422844
0.0648059001209
0.0150712302002
0.0543771911227
0.0261434476458
0.0116079085254
0.0252841566678
0.0373202762277
0.0400415995616
0.0110243904964
0.0787106082863
0.0105680930818
0.139805931445
0.0620238036941
0.00875001796233
0.00220584937707
0.0123674626588
0.0377099495333
0.0195024766225
0.0106049236485
0.0238981564274
0.0127507035543
0.0147130109195
0.0165849012271
0.0459136813139
0.00933225355874
0.0737728941478
0.139405525478
0.00910272161717
0.0310261223305
0.00917153546227
0.0210897983061
0.0107226931495
0.00358508017786
0.0106592474106
0.00836009928995
0.0149416267355
0.0120992631061
0.0353783932149
0.0234679856345
0.228509481557
0.00324081992442
0.0920007934384
0.0321428800636
0.00903947416745
0.0374119205761
0.0005002780791
0.00783052480277
0.00843477996696
0.00370624177179
0.0132355070151
0.00835867242687
0.20127195276
0.0457090395798
0.0438017260549
0.14223721339
0.00816674539897
0.0261434476458
0.00844142722859
0.129103752618
0.00927108642059
0.0147071387182
0.00550925110628
0.11171529012
0.153788382424
0.0087460814114
0.0515763770187
0.00662581660738
0.0484171573442
0.0454378697462
0.14848739022
0.141224230415
0.0191716550255
0.0448324394102
0.117079453054
0.0099137564506
0.00340662063858
0.00469522506799
0.00848572017665
0.125743617929
0.00473985948571
0.0102333891001
0.150471651508
0.0483809880225
0.132427052512
0.0430360836665
0.00390486597937
0.0310712366533
0.0664992502032
0.00891432873652
0.00858062050118
0.0113957362436
0.00621049910621
0.0167040705275
0.0261434476458
0.0056189954451
0.0305221290306
0.0119667097764
0.019418420195
0.0355925825322
0.00623633624108
0.0069347140906
0.0596896308853
0.0283467101917
0.00805199651625
0.0503600991147
0.0342423866355
0.00817988471721
0.0229652611868
0.0086455881156
0.00106589371263
0.0405629225692
0.130242627129
0.00773502342884
0.0101557149807
0.00859246334229
0.152154643166
0.0352176756272
0.0118461557115
0.0536570571057
0.031016812434
0.00905283556301
0.00622206946828
0.0438017260549
0.000344801090986
0.116761362561
0.0405333702974
0.026575673282
0.00710552524508
0.149284085254
0.00372946519883
0.166245209389
0.00361016891619
0.0261434476458
0.0125275055602
0.0142803932572
0.0133929239908
0.0084301624656
0.027289482878
0.0445311857481
0.0109474082118
0.114471998561
0.0261434476458
0.0577385472267
0.0935370771051
0.0782551112287
0.00899972655709
0.008019424083
0.0364343275039
0.00365931987441
0.00816674539897
0.12406594392
0.04
0.0259007488058
0.03141347643
0.00303793515674
0.0089746776304
0.0197880913191
0.004431318883
0.0893767511725
0.0176674671471
0.013380192403
0.00419866202318
0.107198440501
0.0402475755039
0.00515859278112
0.0348771970906
0.150270499589
0.0319031087064
0.00724025168693
0.0123027462529
0.00809067252715
0.127033738867
0.00303554077641
0.00821717448652
0.0104578067603
0.0332060675813
0.225054181335
0.0328847309441
0.010086995126
0.0412363767412
0.0180997396254
0.0522246935614
0.0320433066405
0.0235917563639
0.00420224602756
0.00847272497697
0.159096249321
0.161020528275
0.037328314608
0.00127403074792
0.120637833633
0.00574477470882
0.00514915819043
0.000557559720655
0.00554891825167
0.152154643166
0.0239705016865
0.00800570063213
0.00917329298229
0.00768887794195
0.0086103238819
0.0626313452549
0.013666004513
0.00486197459444
0.00864191460447
0.126794330239
0.0101555826898
0.0305221290306
0.113324457578
0.00764363568514
0.0207962663493
0.0386346831012
0.00778717748624
0.0374373011657
0.00870944352381
0.0236488901876
0.00390585970206
0.00863454522715
0.00524726849543
0.00220668255526
0.00937277422844
0.0818210050899
0.152287400483
0.0341557141348
0.03736917153
0.0472300475096
0.0530213885963
0.0262607927172
0.021051521201
0.0871510644823
0.0614747452095
0.044544088407
0.0266942049398
0.143656994674
0.14223721339
0.0540128171828
0.00459577976681
0.0286204072064
0.00834959852476
0.00820731983749
0.0141402031372
0.00696567193561
0.00575228719814
0.0384732375736
0.0347824913287
0.0532775064936
0.112927299698
0.150359796345
0.0454724569387
0.0851584220574
0.00597028616458
0.00765881311824
0.0317037839033
0.0920211011593
0.0454724569387
0.00870029679541
0.150371533796
0.0032428694605
0.0023028189551
0.00852296629887
0.190211460421
0.0436524395196
0.00816674539897
0.0175807646544
0.00664025810144
0.00297226211169
0.0323383712024
0.0125279945119
0.0454724569387
0.116126384015
0.0247566601799
0.116126384015
0.0351599296865
0.0342482622406
0.0468653271184
0.00823597828961
0.0414549499834
0.14223721339
0.0217781620222
0.0907359972773
0.0318403439634
0.0138710605491
0.150270499589
0.0203617062931
0.0316104794766
0.00779556659657
0.058710401576
0.00367580050757
0.00660741314866
0.00870882329326
0.0367408040361
0.0136680665126
0.143656994674
0.0160159997354
0.0313098038185
0.00365450482774
0.00439454332328
0.141224230415
0.0217984094796
0.00816674539897
0.0484171573442
0.0207175183021
0.0484171573442
0.00327839451526
0.0161343945856
0.057091093188
0.00765881311824
0.0079372134574
0.0129980387778
0.0570314413702
0.0327120909304
0.0377445034751
0.077515482882
0.137900242358
0.0198007544585
0.00319728370192
0.0246658522078
0.00849166699169
0.139026570376
0.0596691630136
0.00491594820326
0.106183923091
0.0178521485419
0.0246328508061
0.0255245713542
0.132427052512
0.229010221177
0.0422182110398
0.0733926768462
0.144144526915
0.0350604785801
0.108821327059
0.152638236064
0.00842371251768
0.0131851438009
0.155672526001
0.138161141353
0.00891063639717
0.0314804054295
0.00172270120131
0.0114779114109
0.0318731334319
0.0156728017355
0.020439945351
0.0101836176554
0.00741582018381
0.00519356830229
0.00830349887731
0.0205002780791
0.140666268615
0.00553698705027
0.00326899229246
0.0380128733136
0.0221886611979
