0.0145670944513
0.00165833128723
0.00695623648648
0.000417192212732
0.00436685116613
0.105341613756
0.00141243404125
0.00686694810682
0.00689037443723
0.00635715130956
0.000969612206264
0.00987850677046
0.00272041094034
0.00027947262829
0.0181871416749
0.054749666104
0.0486768205756
0.000689987127778
0.00248648653302
0.00367013381693
0.0122188738347
0.0414330951837
0.0221317719541
0.0182794561351
0.000975814629553
0.000632726566306
0.140263291968
0.00264038333109
0.234012276996
0.00916579820308
0.122780404952
0.0381536694608
0.0859915055135
0.00139482685905
0.00275286730246
0.202188167226
2.98241053488e-05
0.0285105113147
0.00321292706417
0.0255658667735
0.039728547171
0.0767914964058
0.111509881233
0.0158026158638
0.0568256898971
0.0598781629359
0.0190405802797
0.0343062331569
0.0341809956422
0.0236770878726
0.00154890330008
0.0012772043037
3.95532669458e-05
0.0325217344561
0.0195440365685
0.0281951894532
0.000168222892091
0.00307229898229
0.00504797449888
0.0145670944513
0.150589179889
0.10462672364
0.0227524841023
0.00811802569259
0.00289273724058
1.26334253697e-05
0.0449184367685
0.00559443658929
1.76158504384e-05
0.050341892518
0.0194710010761
0.0460552051564
0.0145670944513
0.0823823643097
0.0687783246436
0.0185395808695
0.00239032582932
0.00298921005898
0.0133443402039
0.0236199150456
0.0136019829609
4.65085026284e-05
0.00154328280884
0.00714899919643
0.0287027187436
0.0194665070191
0.0136303317805
0.0028365699667
0.0492741421524
0.0712872014267
0.0435169142251
0.00275232926438
0.0255823396796
0.066267523679
0.0316613396071
0.00891012707171
0.0103904547404
0.00505949874505
0.142574603269
0.149591741608
0.00725639894785
0.0116289818402
0.0298776313512
1.6619708294e-06
0.0177208587284
0.00647763988621
0.0372038239189
0.0165925267473
0.0131423891968
0.00400522313255
0.0208395834898
0.0135834046958
0.0579497398299
0.159346899064
0.00283569542485
0.0266076202284
0.0155039546856
0.0112817191519
0.164137374865
0.112862884455
0.0680410145566
0.00970789573989
0.0287148204625
0.113842898425
0.0178843452931
8.98320146358e-05
8.4907565891e-05
0.0219517619789
0.126402016056
0.213102676404
0.00294766202815
0.180055249574
0.0343150307559
0.00127392927302
0.0266702948363
0.0125638451756
0.00917410029396
0.303147176822
0.00576861095561
0.000393151114244
0.00258393478213
0.51777491682
0.0335692859379
0.105445078281
7.45630456153e-05
0.0200526936795
0.0125553781105
0.000721304587296
0.177978230661
0.155555016348
0.00290207813774
0.0555288257965
0.0899312483964
0.00356667442801
0.165899908911
0.0102112169426
0.00165382071693
0.00076547976744
0.131523659775
0.0183259864605
0.168719569933
2.68840556739e-05
0.0273299412057
0.0115626565459
8.32850526944e-06
0.124501733528
0.0450809122948
0.00586220251858
0.0357877422854
0.0278273570347
0.0184909662514
0.0114430168117
0.00306997645786
0.0761090354854
3.31622314772e-05
0.218868722606
0.0142509578346
0.192133016843
0.100123657642
0.00125940795652
6.51725894402e-06
0.0142824607868
0.0446717841367
0.0271205085129
0.0657402572687
0.0134450658606
0.00287498795405
0.00111009378738
0.0050419305151
6.31558879512e-05
0.0145670944513
0.011940197067
0.00149265839473
1.03051988964e-06
6.33430408612e-05
8.48263055422e-05
0.173740796834
0.00346943951246
3.29200329485e-06
0.00212290833137
0.0032530513849
0.130775163156
0.00409521391976
0.00340472489384
0.0342040381819
0.0259114600115
7.41254147055e-05
0.141643904695
0.0145427479452
0.100114452348
0.0030422989294
0.0116289818402
0.000287622607495
0.0729559393168
0.29663104763
0.00365814416776
0.175717741798
0.00149081012219
0.00687031713628
0.000174663738968
0.127608240899
0.00283577196337
0.245112357468
1.4727372931e-05
0.0242102336733
0.0120621832537
0.00122870169344
0.00451136620036
0.0163367992717
0.00335860694349
0.00563778315299
0.0239231432791
0.020031224003
0.0332089438785
0.0235683062452
0.0252222814975
0.0395887228105
0.00697587012003
0.227762487273
0.000166333282121
0.0250568791557
0.00694312135789
0.0191350953381
0.000899504559103
0.11342041405
0.0365782510668
0.0010897323279
0.0222791819689
0.157886695113
0.00291910141532
0.00291618637066
0.010290471889
1.40344897956e-05
0.00720178976721
0.231136131011
0.000350621750782
0.00156721438108
0.00274383594418
0.00282677775465
0.00780777738973
0.00308709427135
0.000639563718781
0.000142035565265
0.00319207636086
0.00291503457938
0.00124999330056
0.127666001993
0.00504856542265
0.0145522108303
0.0215334758841
2.76815920464e-07
0.0654017366244
0.00357753207818
0.0165693361074
0.00023846537683
0.00512765985829
0.052845603913
0.0125652596349
0.00644209604584
0.00340825351415
0.144745021381
0.1190465938
0.0026854697146
0.121901087566
0.0144175626956
0.0276624075758
0.000192530612791
0.000127210949073
0.201919623804
0.00379897313563
0.807541070729
0.000474109709591
0.165162395775
0.00832864235408
0.157538538101
0.000356348395546
0.00531898573388
0.0097933937874
0.160243990199
0.113661753075
0.042463329125
0.131386736663
0.256853587848
0.0188533887169
0.00100155869578
0.0037983701401
0.0164290213704
0.00063069432221
0.0422959605809
0.00427202074735
0.0116289818402
0.0311153241849
0.0259528942064
0.0154462315784
0.00481480026329
0.0612418826704
0.010422830312
0.0683866013562
0.00164484746942
0.0126454863686
0.00708112056414
0.00431643999398
0.00198851805427
0.0346179626987
0.0056035857528
0.00505120159441
0.00282931117211
0.0407405982963
0.00318238181829
0.0130086374389
0.160847356104
0.107928639563
0.00960255137002
0.00017351220236
0.00111982397419
0.109569553972
0.000441487176581
0.00254426662432
0.00802264521575
0.0199956419626
0.00248493195269
0.00881566274892
0.00449476446601
0.0258341901514
0.0230733750509
0.00398040282286
0.0357157398491
0.0679351496781
0.0494199686096
0.0154430172604
0.0245290117319
0.00747415579171
0.133966240765
8.94598475716e-05
0.0105698798444
0.0342431285428
0.10092466265
0.000416230803225
0.0212439751615
0.00533883877193
0.00485137823199
0.262802181797
0.0372386638856
0.00149020331869
0.00054625299241
0.00982563130753
0.0637902728178
0.074456132734
0.0978805992238
0.138379912668
0.0049145870249
0.0184217047751
0.0544175069934
0.0109402311593
1.48570507558e-05
0.0278426628016
1.39362602347e-06
0.0571223528488
0.0805088134443
0.0660118975268
0.0402993024077
0.024782146746
0.000128394329906
0.0030543863725
0.03292149166
4.5756986311e-05
0.00142744119169
0.0251756432107
0.0242646627407
0.0232036955463
0.00585140892071
0.00367126627577
0.0084663568885
0.0406291890721
0.165583082458
0.000600712133008
0.00976072884837
0.00681592855
0.000519288070795
0.00117486046094
0.00202271367223
0.018567831752
0.00627831920103
0.00148856051585
0.00279813920677
5.13493147036e-06
1.47029354207e-05
0.232819846655
0.0035194758244
0.00282865472748
1.52900098699e-05
0.00876146717931
0.00203304696045
0.0193694388475
0.049473097224
0.00339141747561
0.0396632259745
0.0336402577485
0.0305220401141
0.0116735462893
0.0381780809478
0.0150480511504
0.00530869740024
0.0137710883279
0.0413018469224
6.80322835688e-05
0.00877200180464
0.00505333820568
0.0137153144968
0.00821936313229
0.00154809049544
0.0116289818402
0.0148377664878
0.107895185588
0.0394748449728
5.78466601547e-05
0.00176560224043
0.0355906467068
0.05497430934
0.0752492119175
0.0026887547885
0.00863985750847
0.0968802093205
0.000176647788744
0.00174935376965
0.00253036995392
0.174697520787
0.00232662737944
0.00190156237766
0.0499975919755
0.00241291937835
1.39681496137e-05
0.173094060113
2.02448783791e-05
0.0177004629446
1.88334490081e-06
0.162850781198
0.0209992492033
0.00563338554878
0.0423569674071
0.0925912975409
0.203587449525
0.00044529036788
0.000181260415859
0.0163141501388
0.0723347649724
0.00804170384468
0.000709861826368
0.00981622806925
0.00556467981881
0.0043519454012
3.06874296091e-06
0.0565854271271
0.0254200863572
0.00505165967644
0.000223352812376
0.0197987211637
0.0174641976415
0.0018457112121
0.0218430091571
0.233758472637
0.0370250400033
0.0343590065932
0.00750357727904
0.00152548012257
0.0025197658407
0.0116289818402
0.0050549531297
0.00732418629318
0.0669300111027
0.177537081356
0.00570397444729
0.00092903872345
0.013550683806
0.00159044921394
0.00155464358545
0.110319082354
0.291819600357
0.00268438137489
0.0116289818402
0.0114672267335
0.00161907751195
0.00159427673791
0.0199714943567
0.022834044652
0.00530974130152
0.0699283716985
0.0218918788334
0.00287679428612
4.61966248677e-06
0.0242166223171
0.0477777723575
0.0770618422486
0.00472360811396
0.00860695764303
0.00159185055318
0.0107977909941
0.00238412446454
0.000507820986171
0.00362337780207
0.00681952193794
0.013448445093
0.00792677014819
0.0189573391849
0.0028137802637
0.000484869623652
0.0085744796751
0.0746034752249
0.0720914749888
0.12971288686
0.00309807867076
0.055950690397
3.97232869975e-06
0.0152061884736
0.00136574785234
0.00831230152536
0.010576283238
0.00305320840119
0.090341548575
0.176154340377
0.00557968599263
0.00619655967549
0.0112565870863
0.0846525938009
0.0127151597284
0.130911546652
2.68804980724e-06
1.0015606034e-06
0.00504856542265
0.000336007627147
0.0286124788183
0.00327868035042
0.0350046969063
0.166559984559
0.00320343816509
0.00107847103499
0.0514097587543
0.00115505944255
0.0413199475762
0.744258682946
0.321374539624
0.00456350020371
0.197264476679
0.00070166537904
0.00178251258786
0.0222179123302
0.0215072774901
0.00167437331343
0.00338145422322
0.106420857526
0.0162642216161
0.0753936911076
0.0046044656838
0.0208507852459
0.0532224938416
0.152215587988
0.117762591251
0.230812847451
0.00282739566402
0.0184483956951
0.00639371982785
0.017508646675
0.0113424605163
3.30813223542e-06
0.000537777747251
0.0222406402545
0.000643192655811
0.00216543998748
0.00669979785106
0.00478356609325
0.0034376091582
0.0511449085287
0.000588859601087
0.00656515639329
0.0145092068509
0.00324014657126
0.0228993929272
0.0104440762556
0.0492484855313
0.173640226962
0.00316123465519
0.0136162137075
0.00516668463795
0.108388635914
0.0028692656733
0.0467822534039
0.0733298330064
0.00508849314028
0.00365109855244
0.000216813735495
2.75713244722e-05
0.0391388982968
0.0017128998535
0.00322033851096
0.0331675044741
0.0405642165172
0.00274973617643
0.00521401793411
0.0219893586869
0.000579858155462
0.0488925492407
7.29084835986e-05
0.01307639358
0.00832735682669
0.0281022974831
0.00137549218
0.00263849743606
0.0583487144344
0.00243409709004
0.0016281000355
0.0260710558856
0.0350055236362
0.0234273309762
0.00244404498652
0.000820108200586
0.0343321871606
0.000899965170121
3.51451449038e-06
0.0189806341574
0.00060717206636
0.877311672038
0.0615708523624
0.00763725012936
0.00291607581236
0.000705651377137
0.000721608118276
0.00436458756901
0.064027269936
0.012564920138
1.97321120197e-05
0.0125546290823
0.00328046363054
0.0369409058097
0.0173766719512
0.0115570134128
0.00357798511275
0.0153882734557
0.00291238030561
0.0226439024566
0.0028271947698
0.00278175846671
0.0245057315401
0.00282840034003
0.00239911206246
0.143166196211
0.00135694315967
0.14737884147
0.00224059438725
0.0791886598375
0.00110291981111
0.00311986455312
0.00363588632341
0.0199562067485
0.0036945736113
0.00281788288591
0.0649758274182
0.029012729412
0.00489994563951
0.0831745811744
0.00174778474332
0.0292357794837
0.00328153923671
0.078898696708
0.00241302249137
0.00315141392763
2.47255754537e-07
0.0126649960383
0.000118885988208
0.00804865592277
0.0395081240958
0.0310809282874
0.0144960956715
0.00294311079774
0.0117144505438
8.23054696999e-05
0.0147675632742
0.184454312543
0.00966947985529
0.000167025464511
0.00392299880389
0.00319705578568
0.0949232504182
0.00181813446883
0.0127599889203
0.0367401897133
0.00602588043582
0.0306720094616
5.21344592308e-06
0.0197956909363
0.0769577589269
0.0138330623751
0.000292334809686
0.000104872565765
0.0205460968939
0.0382082161933
0.0166659681914
0.108766433266
0.113839750751
0.0136657048046
0.0349558735563
6.90631284513e-05
0.00530139512152
3.88544638944e-05
0.0298028739616
0.0295707231371
0.00696482812779
0.0116289818402
0.00235789158672
0.00344175418766
0.0165867122123
0.177320566426
0.0187206447123
0.00835361912154
0.00460293885661
0.014614790798
0.0229422383927
0.000121435356635
5.63862969605e-05
0.0162573304653
2.98347053763e-05
0.0705358056632
0.00807834964633
0.00351336293847
0.0867991216679
0.00824267761671
1.08765548275e-05
0.00259482108535
0.0375740924515
0.0226934158441
0.0159890405058
0.0344217243325
0.0291038861127
0.0215883366013
0.0803856326933
0.00121882277973
0.00286227320038
0.132421319095
0.0478123561488
0.000475182372875
0.000829389726572
0.453681445554
0.0132558783985
0.0419305693738
0.0418005507069
0.0280138204942
0.00716289166803
0.0222815067526
0.0123260749589
0.0084227745274
3.61117921233e-07
0.0596828612555
0.00143296587844
0.0267635662059
0.0131323952426
0.0264445798678
4.98172443752e-06
8.89609615949e-05
0.0775255322016
0.0280321577168
0.000105512550993
0.00900266804795
4.47835177825e-06
0.00972354907045
0.0203031109679
8.62057485458e-05
0.0175354270688
0.000138370778599
0.0156235359055
0.00213736879994
0.108725936687
8.77020644313e-06
0.00158893617023
0.0618534249894
0.248699725727
0.00150850756648
0.0317384979965
0.122740928178
0.0928366511458
0.0108707701238
0.0147452362185
0.00707241571056
0.00374766268763
0.165032463165
0.0100462053048
0.00939267787009
0.0198239179688
0.0050943631728
0.00559368694115
0.00317744343679
0.00814806386283
0.000189221618218
0.000311722924711
0.0280613529338
0.0384440576166
0.163573833009
0.145227861077
0.0308661507538
0.0155557383267
0.0175354270688
0.00980477750087
0.0373925940676
0.0244182035579
0.00206167770906
0.259247116554
0.0289853866159
0.00312575832149
0.0506702712606
0.0243681886912
0.0196425931808
0.0775815256308
0.000223268597125
0.00157349901508
0.012448259146
0.00247767771423
0.0317514733071
0.00206217728952
0.00275403691322
0.114867616948
0.0560728045602
0.0145670944513
0.0906478420663
0.00219507293685
0.00817377965599
0.00608885516665
0.00315654263948
9.67162142573e-06
0.0166220513173
0.0147906361381
0.0929294744842
0.000237007719834
0.00432454969651
0.0189517006383
0.0310884084791
0.00427563585083
0.14438933739
0.0276136316784
0.00167322246998
0.037455618928
0.000723561992135
0.434938809487
0.00336372868164
0.0178338949883
0.153688033063
0.0607516640048
0.0284146364632
0.0185379312403
0.0228164979891
0.00929668372971
0.205086183045
0.0523701017218
3.31230214001e-06
0.16949335955
0.0925912975409
0.0101413736899
1.31696524179e-05
0.0343616040374
0.175146685297
0.0445949631243
0.0472504310008
0.18058368268
0.0306051759957
0.03275181868
0.00865008112156
0.00258299081412
0.010047244281
0.00412178040437
0.00257050494098
0.03136934379
0.263306346947
0.175692752841
0.287025271669
0.00470291566796
0.0322376628897
0.0169059427978
0.00779395473584
0.00385255922344
0.0438715586843
0.000819599356448
5.51857054532e-06
0.0238719139798
0.00130344676919
0.0180240987961
0.0010572076968
0.00631643969333
0.000956897956936
0.00480660710853
0.179472274334
0.0263710360799
0.0446844562129
0.0833886846114
0.00591428638766
0.049862242773
0.018336920084
0.0058664302138
0.00261323100818
0.0478584943896
0.0064938154127
0.0791886598375
0.0188166587736
0.0028099375465
0.00268017215961
0.013022442487
9.36816988423e-06
0.0499904804448
0.127608240899
0.271240436459
0.00219507293685
0.00744759187798
0.00545402440734
0.00350294041249
0.00248899640556
2.1570615294e-09
0.002465097645
3.491447924e-06
0.0434279867938
0.0135523269601
0.00303030535621
0.000877757993669
9.6168542143e-06
0.00107421443944
0.0867116652253
0.0528267502599
1.96104963759e-05
0.00873746365978
0.018567831752
0.000583847590908
0.0202793689088
0.0443094055841
0.0199764428766
0.0142374406527
0.0835067681006
0.106279950076
0.0172470628647
0.0783667203462
0.0145670944513
0.00134774031618
0.0383934296604
3.9238972228e-05
0.0137307470355
0.00999158230924
0.209358959095
0.00448966367312
0.0109028313115
0.034960698267
0.112173054976
0.0258417781161
0.0535590089775
0.00133296703398
0.0030222359608
0.00503416880747
0.00291232193481
0.0302278419148
0.088255856957
0.00814315159004
0.226899448078
0.157886695113
0.0225555584741
0.0050486559887
0.0104832956262
0.000547923317782
0.00506182613322
0.000785509854171
0.0329960518996
0.128302879884
0.0237563163672
0.0325033107788
2.01599264182e-06
0.258708561853
0.00714879464001
0.00294757637822
0.0128117140291
0.0537458431252
0.00282689978035
0.00866000551508
0.222769004225
0.00380431903228
0.0900961629522
0.00389668693884
0.0156408907291
0.0191025245727
0.00283031649948
0.159494891979
0.0104548802769
0.146081690683
0.0017170289844
0.0178513588199
2.48109499323e-05
0.0977172354211
0.0370073268132
0.0158150811395
0.0477359920552
0.0216943380314
0.00309276123239
0.00201309929224
5.77930529311e-06
0.00109704703742
0.017632507179
0.00650143052315
0.00259048932041
0.00895672701255
0.731135475708
2.74461746796e-06
0.19225868056
0.160361243382
0.0228092941724
0.00320523583116
0.00905153076149
0.00714899919643
0.0281202726076
0.00310793051416
1.15361930211e-05
0.00834488678037
0.0247398061972
0.097076659062
0.00245864932322
0.000190125655366
0.0162772855046
0.0113266428385
0.000610086244979
0.019949176994
0.00238057520538
0.131305720723
0.000986341959644
4.84329456313e-06
0.0284722056421
0.000522871078195
0.0591092873474
0.00620649882878
0.0125584459186
0.113661753075
0.0241098943282
0.00319027378628
0.00650247482697
0.0655762215574
0.0199599911437
0.00306002957255
0.00781095384785
0.080142262766
0.203185936961
0.0128453126157
0.00339319436525
0.00247820234361
0.0147539873777
0.00298101899695
0.00155362337452
0.00282883325145
0.00117811513499
1.45591639069e-05
0.0133106080797
0.0404584213264
0.0996094373732
0.00189901536087
0.0548338709486
0.000506308486335
0.0535075036606
0.00240516339469
0.0240380719188
0.0032628652475
0.134308435182
0.0469087042637
0.0250443001069
0.00428807116581
0.0506640495802
0.00218439392034
0.00413764091688
0.00282960640217
0.000989386632604
0.00393360903323
0.00191450844185
0.00576224569342
0.219964468592
0.0413705186195
0.0026923364396
0.000409446876557
0.0145670944513
0.00011364626976
0.0116658974822
0.1580857289
0.051449137789
0.00684350754148
0.117181245705
0.00405233774816
0.00315971222504
0.0398967535505
0.000843633598149
0.00097306568326
0.0215970563347
0.000692579006385
0.000273117738659
0.0267333925723
0.026925040311
0.152752196477
0.0184008999628
0.00411175591641
0.140067092929
0.00167275794501
0.0096286229059
0.0297741904424
0.0244641787103
0.207346587178
0.00895635763442
0.0023881186823
0.00988739418428
0.0778701211741
0.00756316420315
0.0953719821339
0.00101308910932
0.000860891537869
4.75995200955e-06
0.0202325070924
0.240586156057
0.0217977316372
0.245542977061
0.035313557293
0.0133420772817
0.00394881713176
0.00192220493283
0.00126096663477
0.0410490968885
0.0145670944513
0.00406665633273
0.00254902566844
0.0613676523812
0.0145670944513
0.166710946696
0.00291353696271
0.00128838367097
0.000287656338377
0.0987244035723
0.024283927251
0.103155559166
0.0523336467669
0.0136285197879
0.00295399600982
0.0619944440363
0.0185931001121
0.00345362994141
0.0189600287094
0.0028374734402
0.00502244259938
0.147755587083
0.0955224385315
0.0175285595964
0.00574883681127
0.320465009998
0.00521612795619
0.0114598819084
0.340742998628
0.00390872878503
0.000977502618113
0.224852314901
0.00680576801108
2.315145059e-08
0.000230890299529
0.113570940293
0.0171952561522
0.00273321959269
0.00261317523983
0.0537517636725
0.194628967235
0.000628324979073
0.0105696528659
0.00836990841583
0.000928415466003
0.00146783362794
0.0169665969396
0.234473520664
0.0323943508701
0.00199438338359
1.83561351251e-05
0.00540064716056
0.0048606043724
0.151509312841
0.093460349381
0.000100263303937
0.000794261095416
0.0272748571824
0.00445435852277
0.00219609047562
0.230537913925
0.00317754925295
0.00494737129726
0.017528460191
0.000117629550016
1.01091663303e-05
0.0131706660863
0.0116308270116
0.013631757243
0.00368064196398
0.00709425793822
0.0225832058573
0.00155444189953
0.00340291982696
1.29570821679e-05
0.00611716986987
0.000619238898521
0.0565115315439
0.00296296632755
2.358416582e-05
0.00846012915611
0.00261528382704
0.00671971472408
0.0255444252272
0.0460919829812
7.92253751536e-05
0.0269862792214
0.00273818411817
0.178810679348
0.0411767427003
0.000134667064273
0.0145670944513
0.00466099568235
0.0705346943537
0.00629805361934
0.155093137537
0.000434623525121
0.0174916332914
0.00349318442672
0.0104248645623
0.0541189831383
0.0133787501812
0.0519746147846
0.00508485949422
0.0363081155232
0.0178415088031
0.0024061812009
0.0236787994691
0.00596823348069
0.0503521274591
0.00133210477219
0.00990308798025
0.0969693049119
0.00283274780591
0.116990272385
0.027600860629
0.00151706833913
0.0135670787984
0.000917300573888
0.209530815284
0.494199516967
0.123768507778
0.15983730784
1.06145409306e-05
0.149328154365
0.0973280184474
0.149767645988
0.0330665273341
0.00370367386462
0.00468235879379
0.00502847154271
0.00282845374765
0.0535629840778
0.0205099930954
0.0023878051738
9.17404180169e-05
0.006039503615
0.0274533514646
0.0048893793857
0.0116289818402
0.0185911165601
0.000258852438068
0.194312627143
0.174999127914
0.0170585732103
0.017845621412
0.35648023585
0.0145670944513
0.00337896245928
0.0025342476329
0.00988036700959
0.0024632009449
0.197194186796
0.000950931507039
0.161473826139
0.00132111334544
7.32356663247e-05
0.0149969606406
0.0440152417122
0.0677884294115
0.0280708849417
0.0202150559111
0.00127248458647
0.0136754512268
0.00147254634338
0.0691362148755
0.000180895159129
0.00460293885661
0.0144646146348
0.0647065963069
1.03511809999e-05
0.00859152830701
0.0353016786058
0.0134205466457
0.214424134402
0.354774172911
0.00145895970356
0.0014709253397
0.234542001773
0.0350046969063
0.0109815108874
0.00148575356521
0.0494036706756
0.148427378457
0.00714899919643
6.10057520189e-06
0.122486262991
2.44497208618e-06
0.0836913379211
0.00143896744497
0.0353931929234
0.0110623058909
0.0198199509568
0.0838816536828
0.192858278203
0.00678936356239
0.0127425648994
0.0306602211155
0.0125564783529
0.0133229245245
0.00875081129785
0.000489880558766
0.0295223922672
0.0957475339615
0.0286844614482
0.0120995804199
0.00273066695222
0.000167865439418
0.0230981182237
0.0120387416698
0.00504899676622
6.38169265355e-06
0.000508889844759
0.0279541429969
0.00285317501749
0.000487382316795
0.103983137815
0.000395747033266
0.0217674436133
0.00311259911458
0.036046019922
0.0368437585317
0.0212907401705
0.148747070072
0.00282684640086
4.57595325121e-06
0.089867227875
0.0455669918737
0.0164535438492
0.0307738892382
0.00275562878764
0.043998443388
0.0027862478174
0.0206483574506
0.00299737454054
0.00393662738041
0.00245682470545
0.0186841665223
0.013853121881
0.144071513088
0.00516141023918
0.0031077526995
0.00473228758254
0.00269115564976
0.00404857368516
0.00447228818778
0.752030589217
3.57520803335e-06
0.0174429494877
0.0183684742548
0.00343464044673
0.000694377190602
0.0145670944513
0.000357373440604
0.0148868746757
0.0104586611958
7.6417631667e-07
6.2493142316e-06
0.00273695422217
7.62646806146e-06
0.0451318716791
0.0182730415829
0.00337719404755
0.145908329666
0.00752689631643
0.0264902281771
0.00296928896394
0.0370592158033
0.00269262502129
0.000477879688436
0.00323473540603
0.0266071022982
0.564212739513
0.0879376810896
1.04121262168e-07
0.0366024016485
0.0121518242622
0.324929129374
0.00791506084176
0.00260357934674
0.0777767706282
0.01422822061
0.0142657704681
0.44182074953
0.0173678382578
0.0176157204148
0.029105882502
0.000667291633332
0.0113483502349
0.0350114540458
0.0327196046356
0.00318077663652
0.00223617277036
0.0229637331621
0.00559624865686
0.000146269352001
0.0131917475046
0.00762685316794
0.0210286510389
0.00513259785709
0.481260147044
0.000975101508093
0.0359706480919
0.00432706127978
0.00302797952385
0.00534280149513
7.15689654479e-06
0.0364603268109
0.000597278009351
0.00247719686465
8.48178101004e-06
0.00300976616815
0.0513556285321
0.108094934742
0.022423841201
0.0121777583228
0.0151860827324
0.0159869304815
0.00503981245373
0.0264334282163
0.00027179032739
0.00252510048572
0.0155652385155
0.00238671001313
0.047617238696
0.0261354043389
0.00414338669201
0.000818260473611
0.040291880836
0.00312828941642
0.0112610035166
0.134060287137
7.01334503809e-05
3.27133398462e-05
0.0501083653593
0.0162182516811
0.0774369808153
0.000809310531533
0.0140983210096
0.021270096035
0.236191224123
0.00360802831651
0.00265958339438
0.0314604980397
0.128256481561
0.0565337371357
3.55872062335e-06
7.16672329986e-05
0.00439360078211
0.000298048151318
0.000579741443566
0.0295901639169
0.0174421828663
0.000829158363082
0.00252996490185
0.000197247808743
0.0412396460938
0.00180716273205
0.00283548404542
0.00250048174583
0.107880973688
0.0410704719423
0.0500348822048
0.00123972065988
3.3228806483e-05
0.238232095801
0.0249488682168
0.0574797917641
0.0506800312089
0.211185127936
0.00141192906962
0.00167879095896
0.000400091942448
0.00572525173099
0.00167322246998
0.00358594959709
0.0141968584923
2.60862036767e-05
0.00252080390523
0.117181245705
0.0969574150661
0.166679482633
0.0516590112593
0.0258895202855
0.003071175864
0.042919708702
0.0108193389698
0.043256046259
0.0145670944513
7.4983091827e-05
0.0113851535386
0.00523658667226
0.000588618443068
0.00116324090329
0.037465261213
0.0183636212164
0.00857595993495
5.82481065342e-06
0.352988099285
0.0746322158401
0.268550506024
0.0206560228845
0.0114953118548
0.00271994511104
0.0307259180945
0.00123232121012
0.0103034501711
0.00284648905641
0.141555295009
0.00613314174257
0.0361702377059
0.0127887381927
0.00868093319616
0.00859271365343
1.44665851584e-05
0.0267136847667
0.0355969897399
0.039545602178
1.24666939688e-05
0.00454806592013
0.00104452699425
0.0267069835186
0.0257756816031
0.248295558286
0.00179590485473
9.63255229619e-06
0.00361782638766
0.0112542087253
0.0252850857844
0.130738071538
0.295375996171
0.0266115348122
0.0101514072285
0.0374687713189
9.71367293847e-05
0.0402112727342
0.00305405596391
0.0540133573637
0.0191628294186
0.126379527226
0.0460611196726
0.0299965309445
0.0291607031917
0.0247655226639
0.0230348151575
0.00823810989398
0.00297804785577
0.0122337781969
0.0175387340914
0.00330878023046
0.0227934751991
0.267647941004
0.0588284714214
0.169187144709
0.0513339319892
0.108958267806
0.0134192880185
0.229170014051
0.0662982525688
0.000263684043292
1.17505943101e-05
0.0160303945747
0.0324365889531
0.00275562878764
0.0213284348757
0.0300252748065
0.147320659854
0.00191317417406
0.0330873440265
0.0316503398695
0.0175528818922
0.00564279117773
0.0503689162185
0.00165698421396
0.00905138969412
0.0471651082135
9.50037758102e-05
0.000618809516219
0.0383144575507
0.000176795376311
0.23318418054
0.0108274509308
0.0102229079828
0.0140767441354
0.0186113878491
0.0227193090947
0.000236863967716
0.0181245180627
0.0262163542194
0.0280081827763
7.31829289696e-05
0.0103797550033
3.79917922977e-05
0.00169518201419
0.17134155362
0.0120571020632
5.99350393403e-05
0.0218371155301
0.0152367060811
0.000758027607959
0.0534940061609
0.171063318695
0.00314318528798
0.00140672293118
0.020979476181
0.283334563108
0.245067436293
1.19302574065e-05
0.198983451185
0.00180050328871
0.0174529182243
0.093460349381
1.21874543074e-06
0.00141261367984
0.0338679461323
0.00167772617808
0.0266636935646
0.0055771640544
0.0185268479592
0.0357619789879
0.00276287056208
0.0150893428556
0.111423813568
0.0585413216627
2.97217651338e-05
0.228594974654
0.0217367918037
1.7797716483e-05
0.00329986576919
0.00283146988034
0.224779282237
0.0451955034682
0.00282684640086
0.0305563700223
0.0500003191955
0.0198056925379
0.0107702650985
0.0319579613528
0.00143322620203
0.0151425427068
0.00136025577319
0.000492426189586
0.00330894390743
0.492386329217
0.130193691607
0.00282739566402
0.0916950413908
0.100046459628
0.0163283574361
0.0196809902592
0.00437878206265
0.0248784884034
0.0221464784479
0.0161499716703
0.00522542456916
0.0190983850341
0.0050610989602
0.0192719320665
0.00282783822912
0.0145670944513
0.0143444578154
0.140690627809
0.00415751495442
0.0416129793655
0.0312239324484
0.0220195929093
0.153824637023
5.18004379646e-06
0.0227592585785
2.35835004499e-05
0.00487067898505
0.00340230577596
0.000800085939529
0.112086644817
0.00224950565883
0.0142437397041
0.0233766366222
0.00111377407921
0.0215440239008
0.00129778699859
0.00842780104861
0.00305761873603
0.0123736774754
0.00360044970118
0.0200664939148
1.05930224111e-05
2.31381184213e-06
0.0184012728909
0.00394361785907
0.00240499453501
0.0280723328661
0.0454538364314
0.188332176697
0.00729751542206
0.0459161279851
0.0013137969434
0.0145670944513
0.0250432148671
0.148827558223
0.00566376322384
0.00538400972832
0.152752196477
0.00510409685634
0.030945811607
0.0110528051442
0.0230759415884
0.00566137731123
0.00252614196547
0.0147537718855
0.0025629609271
0.000245838362687
5.65214132604e-05
0.00943165326064
0.00404337764885
0.00132993547556
0.00322643061958
0.011654376046
0.210496575686
0.00302364614152
0.00536372248142
0.0035023842464
0.0493752374526
0.00306503759889
0.164442533084
0.00161523968224
0.0623314982475
0.00485053272484
0.00884260678114
0.00876023724453
0.0195946979856
0.000891240690475
0.000342223788958
0.0254567806312
0.00293728005654
0.01553335537
0.242351563918
0.017609520417
0.00159648503504
0.00848369094705
0.000444358976717
0.0174075404071
0.00679196368827
0.000288536197164
0.00138844165755
1.05793827448e-05
0.0250232077599
0.0275871797572
0.000318665520569
0.0384402849989
0.27851454426
0.00285813895042
0.186750764661
0.00273581835223
0.130810677584
0.204626496742
0.00153776462242
0.114210499285
0.00282669891983
0.00125610448657
0.0132332844353
0.045588262096
0.00124619546023
0.000250801641976
0.040524303095
0.00226139957925
0.0371695464671
0.106322615828
0.0114852088844
0.0148267555315
0.000120893168807
0.00560443330031
0.00130264019531
0.0145670944513
0.00159406280647
0.000604686864598
7.81468054545e-07
0.0274195391853
1.72230533017e-05
0.0341397888758
0.00932535282192
0.00182731442014
0.00139369435374
0.0127582117992
0.00343982170866
0.216831553454
0.000292010356139
0.00639844415528
0.0335637304868
0.0245798221282
0.00459554088268
0.0254902567166
0.0191573959412
0.0218095402795
0.0223241418538
0.00458153755848
0.252018238137
0.0138390415314
0.0136495415646
0.0365170496832
0.0038230966973
0.145088826756
0.041950652089
0.00654160517246
9.93429034793e-05
0.232601303209
0.00263716631381
0.0197862130906
0.000684114835281
0.00295816133925
0.0109744051017
0.00283534877239
0.00312915884147
0.000233921508051
0.0402080229314
0.0208551339989
0.00927631534418
0.012791714506
0.00407804024285
0.0160644832002
0.00425074971481
0.114691794188
0.0115571142166
0.434592437758
1.94748510185e-06
0.0145670944513
0.00252872893215
0.00283315087639
0.012832205611
0.289486329639
0.12008967026
0.723996395595
0.0366088689519
0.0304283934469
0.00296233353681
0.0444193339044
0.00890186544074
0.120411612681
0.00574841679964
9.87678521201e-05
0.00856990887586
0.0968906496822
0.240255132237
0.00281116882394
0.0641725001291
0.0023350279521
0.0341461849243
0.116090686076
0.000590490354624
0.00351610055324
0.00572634316933
0.000885505505495
0.0251909649809
8.09380921143e-05
0.0145670944513
0.0361271693203
0.0067323549242
0.00275709247186
0.13812272826
0.00400142816284
0.018139310138
0.00275194654281
0.0495669210525
0.00094526472811
0.0127828401559
0.0143703071469
0.0400535516576
0.0259151611327
0.00172775172294
0.00283054279649
0.144770322229
0.0100687929544
0.0279636131653
0.0264170739506
0.0013466303031
0.0081420372013
0.0133896895663
0.0243646250695
0.0307493860455
0.0110154381205
0.000162353792692
0.0530732091096
0.00284758197181
0.00334815798265
0.00636406567474
0.00345622850052
0.00505256548449
0.050567151939
0.00136906057345
0.150848958471
0.00995976982131
0.0173334849852
0.0239641219821
0.147603632487
0.00261412159629
0.0730545659558
0.000130014187226
0.000436633762694
0.00268693577707
0.00364492115582
0.00382575628714
0.0464401257867
0.0119865784599
0.00394765321311
0.000465614653205
0.000707244370362
0.0139897403224
0.00274350216375
0.00581383482165
0.00630757149458
0.005920824114
0.0067221953105
0.00565540572355
0.0254029523946
0.180246609041
0.000162549493539
0.0321716311329
0.00501498104018
0.202525983719
0.248074685259
0.0159329017906
0.00211261124022
0.00604157238534
2.73438073967e-06
0.0203642357517
1.36156372842e-05
0.0131598429615
0.0439242101244
0.0412883936789
0.00146043222461
0.0890820641856
0.00282865472748
0.00194081712477
0.0116037772215
0.000106228552715
0.0367505242084
4.29656696037e-05
0.0511470342891
0.00745170748381
6.73941654888e-05
0.00275562878764
0.0380819698839
0.00443092064009
0.00241455391182
0.0236694807482
0.181028809066
0.00282892346886
0.0524255710268
7.28072499706e-06
0.0150060411319
0.154034801413
0.00342977703129
0.0415347834569
0.00114198530569
0.000104609050506
0.000917211745038
0.0516904829087
0.0279632923624
0.000197533083466
0.793367464804
0.00380422882612
0.277676719915
1.83116293251e-05
0.0203426876519
0.0279211186267
4.93047365831e-05
0.00196733114362
0.192062072206
0.0295877607288
0.0232563294917
0.00273187614343
0.00269760331688
0.00568221593876
0.1062103396
0.00481793343952
0.0242731192298
0.0145670944513
0.0111905086329
0.00308692335792
0.00401190599436
0.016073314324
0.0119924185394
0.0117652443977
0.136955370155
0.0131171737401
0.179716300896
0.0118434732345
0.00780013733606
0.0625085696525
0.0279800529689
7.23383211025e-05
0.00283161759937
0.163319038842
0.012573917994
0.0120986226399
0.029506825993
0.00250153497414
0.00188182939143
0.000332498683043
0.121814170132
0.00267021801734
6.75391939041e-05
0.0219196222125
0.00294435959066
0.000112631208067
0.00786086884331
0.00591914336645
0.00239536998207
0.0148726982424
0.0505768090402
0.00159539883497
0.0175536188306
0.0772073799669
0.132377437239
0.202277632507
0.00531649190469
0.0706624568627
0.127289064823
0.0145670944513
0.0925912975409
0.0240454377421
0.0862471670966
0.000830849466705
0.0166789391997
3.75425643662e-06
0.00638078565017
0.00648157294325
0.0257186553536
0.00532723318471
0.000287698213667
0.0207446900377
0.0189206328516
0.0186431370282
0.0488505694663
0.264132693834
0.00299634277216
0.00855249350357
0.0757151772747
0.00727824564064
0.0211866527454
0.00828015450275
0.193723972262
0.0114997244538
0.00460359664832
0.00537787915337
0.000211218328198
0.00870788459539
0.166432323607
0.00649256557658
0.00414052090085
0.0926518694626
1.68185161786e-06
1.83897552308e-06
3.88008826041e-06
0.151010284804
0.00741760275619
0.00375824407427
0.0466519743818
0.00300203778902
0.00105026309619
0.0583381590072
0.00433805272387
0.0318286835283
0.289666089078
0.00286335972666
0.00355981418852
0.00381807777034
1.00586404963e-05
0.00159211677014
0.0140948794653
0.000538687257708
0.00431702149648
0.192321352295
0.0133841597466
0.00240992974127
0.161237289931
0.00251153062229
0.0270744193596
0.037870342694
4.34625366752e-07
0.0432700816549
0.0313550000373
0.00244423435333
0.00531616090445
0.0127750368089
0.0249807234449
1.61057745501e-06
0.0020637807712
0.00671050646868
0.000846104955564
0.0257422821479
0.00627468399939
0.00514959165103
0.0141881426265
0.00199657564284
0.0101958950651
0.00133873404917
0.0438179030602
0.0137687255681
0.00284926775984
0.000661549565673
0.106596795447
0.00749951617667
0.00501920677668
0.0312523689962
0.00460226763289
0.0138407593827
0.00301985958066
0.041863737273
0.00340243012304
0.00273317510558
0.0488925492407
0.000477414269319
1.86039463557e-07
0.00437100153372
0.0881646724907
0.00146517269088
0.00271665640668
0.0140540289155
0.00171296298459
0.240743181988
0.000230791730459
0.00332287663766
0.0153618438626
0.0200091089799
0.00517985168499
0.013653238345
0.117998139036
0.0343180123153
0.00145715555833
0.000285617519635
0.014623838139
0.00274651545559
0.0597751141067
0.0201977493117
0.166869409192
0.000494106501891
0.000691778362704
0.000108984682057
0.00435317733359
0.117181245705
0.00145558609228
2.78325497533e-05
0.00211385176699
0.00162689284423
0.00154356570577
0.0352733996954
0.000522535773666
0.00320651476554
0.0340671399053
0.00557825404528
0.0916950413908
0.0424247425484
0.0145670944513
8.51444543326e-06
0.00348317597999
0.0282849202718
0.00300538977655
0.00505640867496
0.000779052072068
0.000393588858847
0.205056114243
0.0705346943537
0.0395919412806
0.00479886597398
0.0143210935448
0.00282925774896
0.00284422350532
0.00754292993437
0.00288689543182
0.000160293209078
0.00380965008351
0.0280664665333
0.0509050690902
0.0590863104533
0.0110700551089
2.83285511027e-06
0.0775309539171
0.00432510036602
0.00507682436337
0.0974856243232
0.00534884036387
0.0551648671184
0.0145235056575
0.051631873684
0.00822377966156
0.161173782449
0.0167754687935
0.00265487700315
0.0323091133988
0.00252936363309
0.0101272692846
0.00518305227024
0.0629167797849
0.00201627231033
0.00249944561104
0.0409976727554
0.00546775216416
0.000651233345364
0.02358695316
0.193110133951
0.0236194197873
0.00315008246524
0.00151857601504
0.0233766366222
0.013588806829
0.00423377200021
0.000326070531416
0.00311545139732
0.0317337125146
0.00770086951511
0.0064648521029
0.15983730784
0.0235247892944
0.0118699415187
0.00716154102339
0.00642919520435
0.0878297882491
0.0185605021698
0.00196012204476
0.000349156791349
0.00071535484222
0.046768238466
0.0288164723258
0.00185232880148
0.00232608462093
0.0339305458263
0.0278669201689
0.00306349917045
0.00675017900815
0.249883607323
1.76915784467e-07
0.0103787315454
0.0213175627859
0.00326985977347
0.208652883724
0.00140824650492
0.019578178882
0.00275562878764
0.0125686685227
8.67721089821e-05
0.00543410792392
0.00228498149304
0.0723210323545
0.00726268395749
0.00320084596065
0.0526431271214
0.00198174318119
4.55451190616e-05
0.0087801907265
0.160759536362
0.00153996469822
0.00348495150607
0.00296586006904
0.000599604243373
0.138930414371
4.67566784882e-05
0.0243144014649
0.0486278735894
0.0352460710694
0.00282931117211
0.00173435069513
0.030555940952
0.00868886866188
0.00703807829203
0.00329714907782
0.0140908596648
0.0215975624327
0.0614288952941
0.00853841757944
0.0031740789958
0.00423548957885
0.00334151970011
0.00763198997682
0.00761181783261
0.00296561903106
1.02607616372e-05
0.00294735530165
0.0163757839658
0.00505743255651
0.0493372964912
0.00339179728158
0.0205284664078
0.00151612673404
0.00214902261969
0.00299521959644
0.00856827260043
0.0338259681686
0.00595199916986
0.136935470239
0.00601217670011
0.00207082560809
7.08916971451e-05
0.00367863103884
0.00431542947404
0.00594746875189
0.0193974110556
0.026801430197
0.0175611531997
0.0333894461993
0.112969319015
0.00267890321024
0.0116289818402
0.00290800608135
0.023316096762
0.290808277125
0.0145670944513
0.00207615154672
0.0175333945618
0.000758456186631
0.0261128556548
0.0285314684265
0.00244618530899
0.261673233164
0.00133166358442
1.69470815714e-08
0.00267260986661
0.00842642993024
0.00693304361218
0.0034530626109
0.00254834214316
7.83894561357e-05
0.0520584603456
1.3345051222e-05
0.216849925852
0.0548351697294
0.00231657726421
0.00563982881165
0.00381437798777
0.000206298463879
0.203268746237
0.0952655225066
0.1745662127
0.192398655966
0.0164650497966
0.00253355985043
0.152609195747
0.0125669699238
0.00651237868386
0.00691838344888
0.00170343245585
0.0017931369513
0.00266884764192
0.0049801607342
0.000574251372213
0.0047158868553
0.00186551818605
0.0324915820448
0.00497228408116
0.0106764519765
0.050137431873
0.0119120859656
0.0152099749543
0.0570310652723
0.258900851706
0.0172190308448
0.051960404579
0.0147311807356
0.0405816113942
0.00483560068442
1.18983107172e-05
0.793928051523
0.005287335376
0.22058113142
0.00247511043591
0.0628528127689
0.0547166222475
0.0833766333996
0.000360984592651
0.112691877496
0.0879101089699
0.000603210585803
0.00323733036108
0.00591769326192
0.0197309546141
0.00421755182436
0.00552674239005
0.00487238838469
0.0305260358318
0.00071377863624
0.00129883811229
0.000777423181756
9.63381996191e-05
0.0171281084794
0.00293152577871
0.00909381327634
0.0054037935248
0.00262165296085
0.137316134078
0.00866724201392
0.00698291765873
0.0116289818402
0.203702353353
0.00143780430875
0.003042840354
0.0754323355226
0.0446457412202
0.010116311569
0.00558425646123
0.00646290503163
0.0096530370803
0.00284442329355
0.125183870433
0.00563796399636
1.92879219874e-07
0.00199589005148
3.84782074282e-05
0.0172973820996
0.00517301174667
0.0296880204931
0.0173750929951
0.436425846848
0.11246227883
0.0051348028465
3.43568374885e-05
0.026773083568
0.00613091751361
0.0753288617674
0.0747575000619
0.00346234744029
0.00243091161644
0.0676028031135
0.028782907275
0.00128956262021
0.0028281993775
0.0027772495214
0.0372624312856
0.0568481755148
0.00813639708339
0.00514876678912
0.00700757829655
0.165594513231
0.00746533026372
0.00893401449099
0.0174295359558
0.0214949918151
0.0249382313899
0.0571283222218
0.0990116552566
0.0197918993753
0.0121576697179
0.000236299023785
0.0208621239011
0.0239409049532
0.0657983125118
0.0011227064952
0.0245514457134
5.35713481749e-05
0.00362207575965
0.0114950103891
0.00941650156584
0.00211821286873
0.00635129788013
0.165646674091
0.164816677788
0.0205501364292
0.00236070142717
0.00445348347566
0.00287523617682
0.00331236544093
0.109144608158
0.0115618918857
0.00283071872613
0.206300097588
0.00266773743905
0.000212359693484
4.42702202096e-05
0.12314023755
0.00102842950046
2.15502966305e-06
0.0202379677438
0.0210124251946
0.0659949950767
0.00278413340971
0.00525505719845
0.00486955820224
0.00314688770271
0.028112763914
0.00297361355012
0.00235471804124
0.00505743255651
0.0014092768929
0.0332170642367
0.0501952999103
0.000212665734926
0.000250856577983
0.01151125829
0.00619844921083
0.00686670061386
0.0145670944513
0.00460519407198
0.00134386435354
0.0100275318834
0.0344567281175
0.00460359664832
0.0180267866419
0.0182594793096
0.0185194696368
0.0197225797406
0.0177911720202
8.81913281126e-07
0.0264331052779
7.55936412564e-05
0.0116289818402
0.116984486587
0.0327764674065
0.144331799779
8.06158324629e-05
0.010706158383
0.00322933812935
0.00232605803378
0.179219893086
0.248152451706
0.00753974938863
0.00204460876228
0.0441088279896
0.0789565269966
0.00106083264118
0.000162180511395
0.000445259626392
0.00208338611063
0.00929421706193
0.0100375252654
0.051690360915
0.0285709233365
0.00288618778093
0.00619071742511
0.0265303990107
0.000619611535306
0.00307833879084
0.0233766366222
0.00778012559741
0.00764474610463
0.00143334287246
0.000708654779142
0.0120237461012
0.0511712654843
0.0308561365587
0.00294001220312
0.0261193305927
0.00711765444377
0.00375236439389
0.0301210324235
0.0200983187381
0.111671318293
0.138140509408
0.0223021002885
0.00305453899629
0.0314104664132
0.0903683894039
0.00162737624158
0.013237409521
0.0174406497111
0.00298799164232
0.15147181451
0.00110621367832
0.00285657807861
0.0145670944513
0.012564920138
0.0145670944513
0.10724637317
0.00276190015579
0.00106932754185
0.0103383888317
0.000951889145676
0.000890455233885
0.000754744647818
0.020819136816
0.0101264608524
0.00505394158108
0.0002189133846
0.239740426536
0.00684444293996
0.0016860668403
0.00495997285385
0.013266155074
0.0217222538606
0.00768515562978
0.0124444906142
0.00339911267343
0.00985989105272
0.240192487259
0.0114763422948
0.00271870800415
0.000535970209222
0.0621742553521
0.0362264336092
0.0171714561706
0.00286697762921
0.0195504035318
0.00458425500587
0.00709694210826
0.00537257461397
0.133966240765
4.78822936589e-06
0.00226378377006
0.00504754323789
0.000278465166803
0.111009446326
0.0374891247038
0.00253448872913
0.205296926129
0.030170087711
0.000309250367893
0.162721466611
0.0107505092181
0.00378711941529
0.00282980746036
0.00345282863751
0.0371368585692
0.00504915641174
0.028044276186
0.747413174853
0.00878835778569
0.00275191197822
0.00308140309265
0.000101920817002
0.0243747980587
0.00359558329572
0.00282885572098
0.00830476498387
0.0030117911172
0.000723311357948
0.060555063597
0.0783888285268
0.00344552332177
0.0658197872496
0.010807358711
0.00496461920702
0.0035882332998
0.00537619563974
0.0137985988774
0.00555150858207
0.219476449085
0.011811350663
0.0233766366222
0.00810745830781
0.00303597328864
0.00428674715476
0.000412541108061
0.0675103822242
0.0218745102934
0.00107843530465
0.186251967035
0.000547101846962
0.0435709739824
0.131940280311
0.0411580929629
0.00421724709058
0.00220572905679
0.00254386788803
0.0166512524303
0.0032900732678
0.0127987558466
0.00504856542265
0.00514656371672
0.00901538596804
9.1833759765e-06
0.0728199654345
0.0465108128008
0.028679062834
0.0470302090385
0.0966423523528
0.0469723193095
0.0086271118515
0.241319029426
0.0341441115014
0.0145670944513
8.11467169554e-05
0.557061836744
0.0976184172743
0.00544245722498
4.51011726754e-06
0.0711874499965
0.0487618695849
0.0353249138911
0.00136031995512
0.0329877934703
8.48908720286e-06
0.0420074163108
0.0233766366222
0.0950232001766
0.000974010185612
0.0175462237669
0.00662442792591
0.000149566360999
0.00283146988034
0.0185742279025
0.00282983798928
0.00222810878812
0.118157038489
0.110713975344
0.00535702618426
0.00171158827126
0.00424875831942
0.0336579647871
0.0127628416074
0.0170527207562
0.0013866524095
0.00932097443892
1.07139568635e-05
0.0547256460202
0.000155855937169
0.00431080998993
0.024116668375
0.0037721261781
0.116443224727
0.13192832435
0.00296631620735
0.00116584729381
0.00505987588896
0.00396564784543
4.91837721733e-05
8.27587500696e-07
0.0185110297132
0.000256064820095
2.07500161011e-05
0.0322256173592
1.09500956901e-05
0.00571759700387
0.0432191615917
0.00117307307378
0.0137540835721
0.00317809347283
0.00362420620352
0.00242142884688
0.0225721885133
9.28674856349e-06
0.00313696503601
0.00190483498147
0.00627683087762
0.0809215153275
2.38712329628e-05
0.0125575389346
0.00194661117303
0.0151798213971
0.208815288634
0.00468235879379
0.0169198480635
0.0252796264834
0.000206761779002
0.0882053567072
0.0231598196776
0.0597006092856
0.00957380182914
0.0243615843686
0.0031243476786
0.0434459375489
0.136132056424
0.00467965266316
0.0449465398616
0.0441723741365
0.0215402961793
0.00776105967779
0.0202799920257
0.00992218888245
0.0246960606532
0.00297525791393
0.873069368389
0.0040427094475
0.0250480041254
0.0235476851356
0.0121321810448
0.0323858914248
0.215587679797
1.01851550643e-05
1.16842998647e-05
0.00779566662553
0.000521252518103
0.0582227194342
0.166190566594
0.0307664500725
0.160243806849
0.300077495952
7.46327486706e-06
0.01528622323
0.0370852558742
0.0175305214811
0.00089231355349
0.0990804675024
0.00532813096375
0.00414590788893
0.240564042621
0.00461783321131
0.0419972665171
0.0078550448164
0.0181056969331
0.00686437882732
0.0222759448498
0.19091281059
0.0550231329328
0.00699991148031
0.0120287577056
0.0574605888275
0.0166298960611
0.0142562058788
0.0134833712922
0.00314812915819
0.0342149935409
0.00369880686749
0.0070641334865
0.000167432721004
0.0488713987823
0.00368258386923
0.146946011888
0.0289489429562
0.00505547567128
0.0233766366222
0.0341291720417
1.87212568054e-05
0.21552276946
0.00569127680401
0.0149608178451
0.142175030495
0.238159341878
0.00260609357811
0.00280790010436
0.00835881088859
0.00353490997415
0.00521217174552
0.0512775693282
0.036442043742
0.0144637405594
0.00596538429193
0.00285493097209
0.0310251617721
0.0275591168549
0.00829809626667
0.0185217603487
0.0730955820716
0.00234349867651
0.0866558223143
0.00185529815815
4.13234452329e-05
0.0105313259868
0.00694937063014
0.00401765870181
0.00348088679012
0.00124470070298
0.0155138565612
0.0012985202145
0.00212255057111
0.0110056995939
0.000180640584865
0.00136676348403
0.0171059263253
0.000990528681178
1.52950379048e-05
0.00114380233413
1.01496025059e-05
2.52463871797e-06
0.00640661051709
0.00858470943855
0.000557651219394
0.00138419777594
0.0014410859666
0.00145973320137
0.117003149329
0.00349833950995
0.0117222553328
0.00427346001275
0.17077000316
0.0176055782287
0.0145670944513
0.000454334643178
0.00417006998464
0.139004698297
0.00355686781738
4.82539805136e-06
0.00437299121944
0.00313123187145
0.117159092716
0.00934538142685
0.0186690972743
0.0322654256804
0.00629592292321
0.0572664740777
0.0388020732104
0.00508997381671
0.211140571336
0.0314067830003
0.003945217919
0.00578653770477
0.00133751095144
0.0254732058712
0.356876427042
7.03257694801e-07
0.00215095584906
0.0995521676402
0.00862221442426
0.0136752466006
0.0145670944513
0.0111115378972
0.00282649807297
0.00243350698651
1.91420030465e-05
0.18412140803
0.0446779017396
0.00175566270724
4.79076177308e-05
0.0145670944513
0.00301474647139
0.0101756516909
0.00566629335688
0.00965417103729
0.023540060494
0.00283214944673
0.00581713707607
0.0555483364281
0.00967825844372
0.00762223664846
0.00724771070566
0.173278179517
0.00348592573886
8.4172187017e-05
0.0126819685946
0.0775858590167
0.00141356528121
0.00434968970116
0.0229096828647
0.0311676568194
1.10777693463e-07
0.00670254260418
0.0120021175712
0.168031216011
0.120161384502
0.0173628289002
1.96510817063e-08
0.0151800707112
0.00360281519082
0.00362347009457
0.160546368645
0.00226493674778
0.025703028234
0.017143367858
0.00297372023415
3.93296417822e-07
0.261531758344
0.00265790614181
0.00072407607773
0.034861424914
0.0414697906062
0.00515814077143
0.0308878552244
0.00561439508842
0.00905556300805
0.0108830181621
0.161473826139
0.0028376995571
0.00472998935598
8.75890047625e-06
0.00531095902881
0.0452165275055
0.00280020952915
0.0045728326396
0.0381536694608
0.00121624486853
0.0183721845664
0.0214259009821
0.000737627242336
5.23851130829e-06
0.0256721279038
0.00823457461954
0.0381536694608
0.180786807702
0.00422537225792
0.209599623359
0.0808013918895
0.249774812283
0.00385974336927
0.0415974939431
0.0029163816259
0.00282474643012
0.00342589139419
0.00190416730576
0.0105626338941
0.0111735215638
0.000178906209714
0.00252903325736
0.0736768609621
0.0264505820855
0.0471508338981
0.000584015698169
0.160885160587
0.0043215931715
0.00589498949877
0.0228406748303
0.0343993449986
0.000876381065871
0.189072427576
0.0500566291976
0.00623352375169
0.00262436998364
0.0230906452842
0.00288011196922
0.00714879464001
0.00040140955571
0.0129834836059
0.0210263608355
0.00283091985997
0.00189993578652
0.0619379976618
0.159453547888
0.0132186691745
0.049973604619
0.00400143200182
0.00154772224098
0.00830451756627
0.0326588287076
0.134307632847
0.0279973754935
0.003357139204
3.33453312018e-06
0.00158480677418
0.00840017891519
0.00528878051165
0.000512283154417
4.65428158466e-05
0.0100344148481
0.0230967894079
0.00708506998805
0.0120904900396
0.00544468279509
0.258574249816
0.0264674249599
0.0348718246584
0.00134306256606
0.00282684640086
0.053019757772
0.00314872132301
0.000980962235404
0.254378365213
0.00427011939423
0.000589582352212
0.00461177692217
0.00604035322087
4.91221158289e-06
0.00766886182694
0.0959774726445
0.277792023806
0.0810658166355
0.00411342865346
0.00830529307273
0.00703782326905
0.00540268547297
0.0145670944513
0.0170490084137
0.0051741560285
3.07023404188e-05
0.0777958119822
0.0861606134394
0.00110427982949
0.00461148894659
0.0246697175095
0.00276366983258
0.011968632115
0.160677522246
0.00574204920471
0.106741682749
0.170278341359
0.00272520845682
0.0725938196876
0.245004832484
0.00283992756389
0.0249329324993
0.00154658904731
0.00177830757464
0.164637048078
0.0368127576917
0.00142932473345
0.000114619321604
0.0142438453069
0.00861133291277
3.08368701157e-06
0.0254108023195
0.00249014407264
0.00244531205225
0.0378283513247
0.115018875885
0.0279629584666
0.00519029718264
0.0030721245806
0.00525686028563
0.00766008735108
0.0133156059612
0.0175408548438
0.00793983153389
0.0444532956047
0.0936369412268
0.00663354334543
5.56110346994e-07
0.00192706005833
0.00410389861939
0.020618443535
0.00199041456377
0.00685938915672
0.0084895053998
0.0241677390567
0.00248509758697
0.298358153672
0.00386378760822
0.0024817587145
0.00295773252539
0.00772527300843
0.018799880658
0.012446367217
0.0157438232236
0.0791886598375
0.0167308035223
0.00356994689746
0.00130764975499
3.98227056775e-07
0.0119737854609
0.152702614344
0.0189369493519
0.00669240369637
0.0160187068497
0.00543093690087
0.217404761301
8.13679623679e-10
0.00859459739541
0.00390616108262
0.00271790863699
0.0130138050291
0.0178029116538
0.00232209303833
0.00282931117211
0.0307835134039
0.0297860469561
0.0014018617293
0.0206950236604
0.0273937898284
0.00243072261741
0.0256008308625
0.0136485621677
0.160830955398
0.0191536732692
0.10226374237
0.0129389815552
0.0462671375143
0.00454740124782
0.04336243298
9.44647702348e-05
0.251101272289
0.075382246712
0.15653512429
0.00342288793742
0.00455301569197
0.00647191621423
0.0228535356405
0.0168111252857
0.022469647428
0.0131899067427
0.118300160314
0.00169947080763
0.15262887887
0.0027526670113
0.00140718947738
0.0281767401153
0.00345768568142
0.00349890749055
0.00211452392068
0.00846758775465
0.0374539577801
0.240787300817
0.270052867563
0.00307977266223
0.114294373938
0.056944865804
0.000928597941385
0.000110244397624
0.0384220326049
0.15790950472
0.0928215415717
0.0673859205184
0.000948610897722
0.00440323450433
0.0369879124057
0.000835379587077
0.0118240824864
0.00227928303333
0.150419136911
0.0504705364843
0.0653125724437
0.0534308560644
0.00507641235192
0.00407424977995
0.0910110332256
0.0102160710652
0.00136489636421
0.000674318912451
0.0410533481834
0.0277374282859
0.0145670944513
0.0278066972861
0.227672614898
0.00140485669135
0.0012768597664
0.00324891973176
0.000852873506043
0.0879337967411
0.129989019908
0.0955030574372
0.157601164876
0.14235474684
0.0165368807759
0.0228962983013
0.249095388804
0.00366830409905
0.0330845136232
0.0196583968262
0.0475464945943
7.10431311107e-06
0.0115168755773
0.0171931012386
0.00830398952341
0.0199667122553
0.00260312843415
0.0157221317621
0.000865423183956
0.0106932308148
0.00191875189349
0.196940646922
0.188655975465
1.18386638204e-06
5.87875451581e-05
0.0185898788796
0.00968080698678
0.0708475763739
0.0145670944513
0.0150345561244
0.00317857027043
0.000538560896162
0.00283167106524
0.0367969173686
0.504793865781
0.00148168581244
0.124362653982
0.0238682515278
0.0175280993183
0.0137538573487
0.00198388686036
0.00374936791222
0.125212871216
0.0122524182077
0.0251198692112
0.0145670944513
0.00473025605418
0.0145670944513
0.0572164589284
0.0110505828438
0.00474074474606
0.34177126719
0.00786221154427
0.00138377963577
0.00199265517894
0.00176719838708
0.00505188349595
0.0008603822749
0.0231297423443
0.00656622043968
1.67306967919e-06
0.0030717428077
0.0157899486345
0.287785529353
0.0991759935593
0.20084239716
0.0721944299121
0.0057660335835
0.00284788714061
0.176126695662
0.027738547727
0.00282649807297
0.0492767494984
0.000277924267875
0.0949329049226
0.0476174276175
0.0215645117552
0.00011565051163
0.00688972802521
0.0178108325762
2.70131533026e-06
0.0122349113469
0.00436276594708
0.0179301675856
0.243148968141
0.00145419422817
0.001416228227
0.0166019879196
0.0168657421238
0.000336137043293
0.0142321428184
7.20306429459e-05
0.0175292807796
3.18989968123e-06
0.0222172371047
0.040382472129
0.0512455883538
0.0125971261812
0.0700658991169
0.000718448834207
0.00681724961955
0.00198716167408
0.00325076545638
0.00227725864963
5.30510774316e-06
0.0585929359493
0.202015924961
0.000645477644483
4.99209814087e-06
0.0163097045276
0.00144220152716
8.01962853225e-06
0.00240605412555
0.00145258024432
0.0145670944513
0.116688205946
0.113118892672
0.00128508939346
2.62164174014e-06
0.155067034398
0.0108767956742
0.08341327956
0.000219287187232
0.107783933544
3.41123790637e-06
4.87212093604e-05
0.00283031649948
0.00551289186874
0.000878562656835
0.11129024399
0.0355927245066
0.00112638568147
0.00337389397379
0.00246820326393
0.0147084374815
0.0463032013481
0.0699975720361
0.0379717128518
0.0350046969063
2.1661290306e-05
0.00697475754176
0.00203700637404
0.0145670944513
0.237291878614
0.00282015470234
0.0517439916503
8.44380962145e-06
0.0498794360867
0.00367782070743
0.263545232797
0.012958479545
0.0381570501562
0.149983842578
0.0206189750733
0.0103872555851
0.0389128994302
0.0228569205099
0.00316642319667
0.00239144701973
0.0123606574863
0.0157249327479
0.00686643529846
0.00566133203948
0.0138335328564
0.0288900313999
0.0758272318831
0.00292320800249
0.0452181138516
0.00230575764879
0.00543877029117
0.0441293896408
0.00517828157021
0.00258014465442
0.00504344410437
0.0167664031017
0.134961134716
5.98082482257e-05
0.00522724016576
0.0531138759241
6.70236351857e-06
0.00246761161233
0.00467127191403
5.44961874324e-05
2.7938823247e-05
0.0309080212843
0.00921404519509
0.0012908613421
0.0130019779417
0.0031984148665
0.00215819351953
0.00283011540666
0.0225895488631
0.0791886598375
0.144082904675
0.00898460802885
0.000755661764445
0.142702624542
0.145851327355
0.0028083508246
0.0421007206922
0.0110640635391
0.00936598465009
0.00335063093487
0.060222171776
0.00349046409077
0.00289409057716
0.139400004403
0.00541126311717
0.0130714559791
0.0559642399158
0.00174407540521
0.028559037901
0.000188883580878
0.0326723606446
0.0076504791874
0.00343759873726
0.165646674091
0.0856984932999
0.00368849018566
0.00279627846623
0.00925188914695
0.00133711280302
0.00602017965158
0.058151816362
0.00655609846044
0.025056138938
1.06393244576e-05
5.37724415543e-05
0.0182298481769
0.00252926347176
0.0353033671499
0.00313952323249
0.00266860289529
0.00280448260044
0.0475288145078
0.220599363353
0.00282978238561
0.00499599233762
0.0348512850254
1.61830354036e-05
0.00362749482437
0.0541190449316
0.00560516860396
0.0186704681174
8.5687261614e-06
0.00891416668829
0.0318821519617
0.00408196316408
0.0145670944513
0.00235118272345
0.00523409630911
4.63690799374e-06
8.85712616022e-06
0.184176364104
0.287969686753
0.0039092940131
0.0240898895623
0.0767356613638
0.00426229769763
0.202331944285
0.00717135257292
0.0029425051894
0.0136426542626
0.282876078735
0.00241390417728
0.18244400416
1.19005259747e-05
0.000869521264287
0.0932398178579
0.0175164028273
0.018567831752
0.000159895878984
0.00126955707548
0.0252461358578
0.0664281416881
0.39096585233
0.161473826139
0.00644336189343
0.00503249837122
0.00791184686657
0.0513659827195
0.00323464377155
0.0498195282162
0.00947835298177
0.00449373572729
0.00235856383909
0.215360575771
0.0787842364037
0.00383490706706
0.0637889077645
0.00317851041813
0.0174076957436
0.040965790279
0.0032498753117
0.0261431306225
4.32315323945e-06
0.00156683850235
0.0145670944513
0.00360778690103
0.152459795178
3.09056742159e-05
0.000782792069505
0.000114935876302
0.00506114986288
8.15962521993e-05
0.000106437932349
0.0181846479838
0.242373352006
0.00603493604066
0.00156554532702
0.00429796361375
0.203621103858
0.0527499173543
0.00388013255265
0.00194950522176
0.0373608734304
0.0413755016758
0.0346232302981
0.0242189532273
0.0092966389725
0.000147808021161
0.0308561820441
0.000284845205183
0.0127275036942
0.0596264467941
0.0402206287238
0.090710032876
0.00156488595699
0.00416741777124
0.000230756846337
0.0102244851704
0.00131728566062
0.00534833588392
0.118934142443
0.00668643510225
0.00286951084649
0.0235909753216
0.036741302665
0.00471187945999
0.0450546984894
0.0109923248199
0.0287622224825
0.0136489648106
0.000475237157956
0.0131375389273
0.00189146619765
0.1193663384
0.0046027981265
2.35377651591e-05
0.113303455333
0.00999211643151
0.0029131649829
0.0179534616388
0.236792237362
0.0500143133783
0.000145284784736
0.0638199215622
0.00475027648492
0.000105928131272
0.00560254042939
0.0102987760142
0.0488538635566
0.0577720144508
0.00702240911453
0.0145670944513
0.168666374903
0.997614962634
0.0133845228255
0.0558645769402
0.114828983453
0.0028308129564
0.00248687415589
0.0741952520058
0.00870622221758
0.0116986439551
0.00103048522836
0.00284273229433
0.0217747420076
0.000519884436322
0.0145670944513
0.000133497920412
0.0866125241592
1.43308021269e-05
0.0867505702243
0.0203558429736
0.0230752921395
0.00706376583294
0.161244821263
0.0145823562964
0.00408432755507
0.00202726854807
0.0194977000931
0.0280771969775
4.28116012641e-07
0.0038625411736
6.01768864743e-05
0.00403149849692
0.0124327256833
0.0914531696408
0.00168182147572
0.0131189195434
0.0119208570605
0.183389686672
0.00573818999569
0.000126358264895
0.237083755687
0.0637087235474
0.209624764093
0.0055790209505
0.00077628421594
0.00908685148099
0.00334959512414
0.370115234071
0.00057616017148
0.0383164313778
0.0806417268059
0.000300377683122
1.48580102207e-05
0.100513899311
0.00308923640588
0.00348079775824
0.00537025724416
0.0132587040944
0.024545773891
0.0471221087737
0.00275624994771
0.0374786065653
0.0612774231843
0.0419630713565
0.308279977461
0.0215220821829
0.00242375071165
2.47986334483e-05
0.00575939876942
0.152752196477
0.0540385630431
0.000512129214858
0.0160678635486
0.00278225087901
0.108094934742
0.00296052745923
0.000935578361033
0.110713975344
0.0965826992312
0.00831439390577
0.00595651764283
0.0137933651045
0.145673395085
0.0338132956869
0.201147740091
0.123485172115
0.0212899414403
0.0508191897783
4.43407162106e-05
0.165646674091
0.0028144832234
0.00904491981496
0.023099704207
0.000503639611499
0.00655209298208
0.0113429919186
0.00620731995586
0.0126507647452
0.011673803039
0.00504856542265
0.00978142463336
0.00155338135108
0.00263554487875
0.0018697961513
0.126939455163
0.0129935859746
0.078610887135
4.32508483335e-05
0.00239126268737
0.0157985564304
0.00462453409044
0.044960106184
0.00715015945661
0.0116289818402
0.00187667295886
0.0202584066506
0.0353445232756
0.00124977397988
0.00016653731402
0.0136170987386
0.0364582024374
0.107104169969
0.164442533084
0.133495683657
0.0321589510035
0.00464971749015
0.0243408097778
0.018649257747
0.000147828180566
0.0349257416316
0.239927898607
0.00130268753855
0.0161228739907
0.016294464808
0.110986031275
0.00283207347607
0.00184822527181
0.00219507293685
0.0129237683366
0.0209344367576
0.164442533084
0.0327052070731
0.00182176832674
0.00482654874194
0.0192665074984
0.0174573112395
0.225548254872
0.0240844747299
0.17387656161
0.00815624020435
0.281424801177
0.016188087743
0.0117796417039
0.00921828644552
8.26686861521e-07
0.0537366972178
0.00282830618644
5.08930086169e-05
0.0104826001548
0.0159545867204
0.017193417249
9.33902384342e-06
0.0070688353928
0.034482435586
0.202274477963
0.0133435181393
0.0182904120864
0.00315523023013
0.210764267122
0.00334210021323
0.00428580225125
0.114102556868
0.0726235267707
0.145227861077
0.0175280993183
8.53781090682e-05
0.234685396038
0.00146473651968
0.00303593442243
0.0994992352743
0.00594703277771
0.00846231038351
0.201075708812
0.00412637756464
0.00813270538755
0.00614504665305
0.00701214633784
0.0107399134372
0.00625538635767
0.162561659294
0.00347106340379
0.0416227981724
0.000120003021451
0.00276329027447
0.0197431581644
0.00770831700522
0.174506809392
0.0166849393452
0.25740463431
0.0593612313558
0.0152173688906
0.0135605803849
0.00190891410583
0.00501508117428
0.00283061182985
0.0035148488872
6.31471991842e-05
0.0199858712688
0.00159704712037
0.0210216283454
0.0662526403068
0.0488925492407
0.0109395575862
0.00363189881387
0.166190566594
0.00442677703618
0.0135497932942
0.0207037879044
0.0797219254464
1.48024245517e-06
0.0150986016733
1.06265396586e-05
0.0905802864016
0.00422513797751
0.00379308392375
0.0389702657373
0.0474917449791
0.0891189635541
0.000394255326259
0.0039063299151
0.10704837097
0.0118506798824
0.000311604868603
0.132096248018
0.00268086974436
0.153664494807
0.00138053196397
0.0065991342432
0.00502258449632
0.0303317262346
0.0448231333014
0.0186342689117
0.0274118228683
0.00243932796325
0.137620797764
0.0121804173019
0.00016676889029
0.00268086276141
0.00215896916804
0.0043099204114
0.000784201359859
7.95145905693e-05
0.00433920511869
0.00688816820758
0.0496204742476
0.100459596605
0.140169483796
0.0275215827126
6.67645664293e-05
0.00512573040573
0.00630974607276
0.00362761203862
0.00702226039405
0.0205044462954
0.000370180849309
0.0235262791625
0.000420536648992
0.0233766366222
0.0283746701839
0.00835207295267
0.000559105636261
0.0791886598375
0.0341987546706
0.00275283589918
0.161229312939
8.80065824216e-07
0.00450483700746
0.00309403327973
0.00357943999218
0.0423009284525
0.0226408852705
0.00218285235585
0.00243671425166
0.00200881833806
8.07198752284e-12
0.000496544393708
0.003518050516
0.00260488565737
0.0208495189984
0.0240085158937
0.00214956728108
0.00220716424245
0.0306977015588
0.00973301414648
0.03912016677
0.00585968827473
0.0129442620761
0.002451980755
0.0318711011805
0.00174208741054
0.0600457815504
0.0199368790093
0.0173404818045
0.00258484836448
0.00566146526899
0.147388770522
0.0839388774915
0.0137913057757
0.00382283530225
0.0555098113402
4.76741464989e-06
0.000118617878648
0.255726928989
0.000392348077278
0.00233680534631
0.0368474476796
0.0786634946855
0.00977098282509
0.00349440559271
0.0133806505804
0.151046500825
0.0556989375382
0.0332962779829
0.00666814189678
0.0012900468534
0.0216803716874
0.00294920656881
0.0416274558573
0.00270914879915
0.0193716633955
0.0144975237432
0.0373020123933
0.00111395634788
0.163983714541
0.00181969765211
0.00270771378792
0.068229303711
0.00761217556368
0.00165459775921
0.0145670944513
8.24746973993e-07
0.0270234300533
0.0349946480496
0.00142435392528
0.00457432427097
0.00163419788106
0.0485348566179
0.063510910855
0.182093194828
0.0025186555506
0.0245671882936
0.00543345940707
5.68630706727e-05
0.00138168331302
0.0145670944513
0.131783873252
0.00371915853541
0.00155910295047
0.0392869789393
0.0232786802855
0.00738442247814
0.0323501977739
0.0147300850469
0.00279854863851
0.0975971586356
0.0169445679433
0.0273592584319
1.33071270297e-06
0.000976432172144
0.0271238379644
0.139688686621
3.12635694844e-06
0.22501465608
0.162295996515
0.0189090663801
0.0393531054749
0.268644121218
0.00567669450618
0.105565107634
0.0233766366222
0.00178848046046
0.000437773164259
0.0645828733066
0.127553143195
0.00381592035293
0.0425825669665
0.000185692168226
0.0775389602037
0.0410024253646
0.01263801741
0.30794938643
0.09611390076
0.0204122780348
0.00282739566402
0.153688033063
0.0195794047608
0.0269647786686
0.00743653584339
0.270301766317
0.00432510036602
0.0132823801116
0.00501288714581
0.0249216175154
0.0151669928482
0.00272595398263
0.0178811321693
0.028957719079
0.000740038387621
0.00253171309779
1.57935225797e-06
0.0381979976602
0.0496764256772
0.111907761315
0.0204152529299
0.0173605000263
0.00512491715785
0.0233766366222
0.0153965841238
0.025440308201
0.0491654929085
2.21566891789e-05
0.00512255743825
0.0740042541736
0.00105093411067
0.0950800283865
0.000421472296842
0.0474022370723
0.00291238030561
0.0124675366708
0.00573299695135
0.00728323428275
0.0023433541383
0.305562461304
0.00129883811229
0.00890012994801
0.124242625624
0.0226651151197
4.15709447965e-06
0.000121485007141
0.0443112380315
0.00603059972598
0.00442624218449
0.000804155725594
0.00390251640976
0.259628684979
0.0965973829787
0.0315275071847
0.0172399538164
2.67133273887e-05
0.191666066492
0.0494036706756
0.0251807267724
0.00224323648002
0.000247265727235
0.00275121256541
0.00034255448604
0.00283836140703
0.0471912374704
0.00237868925434
0.0206065111684
0.0186298815447
0.0259888629912
0.116692985744
0.00178603783531
0.00220884932518
0.00345089104765
0.0145670944513
0.0125544301449
0.0588392912308
0.000418502377218
0.0074178598915
0.0137148644713
4.94904571535e-05
0.00297057484769
0.00153469988018
0.105396626992
1.59840361014e-06
0.000143034947316
0.00144838787536
0.0485945987823
0.0153474879256
0.00520956647464
0.0260107812031
0.000771716402905
0.237753414598
0.00271547819272
8.34065581212e-07
0.0217952814265
0.00907007231396
0.0280631811826
0.00449366678368
6.37875374768e-05
0.00205028169954
0.0544956578461
0.0428705435968
0.00906558599042
0.172145399476
0.165646674091
0.00175375300397
0.013900963364
0.170306791904
0.0029824741077
0.00859090904467
0.0333449842931
0.0110644890809
0.00666984164886
0.195395637329
2.23356894422e-05
0.0495973545379
0.215283892617
0.0144109629103
0.0309900882814
0.015070485053
0.00571290555664
0.245344072405
0.00513345742333
0.000198287419465
0.00284462197385
0.109136837952
0.033878918598
4.44289034007e-06
0.0308333062207
0.0341046223148
0.00239872561903
0.16899094484
0.0786650039719
0.0027404279143
0.010736288136
0.234974841354
0.0126340968916
0.209858675152
0.0395781136792
0.000116510245164
0.117181245705
0.00553895146919
0.0160504553075
0.0423794197302
0.00512613708227
0.00670262411022
0.0705180068282
0.000144321891694
0.0610805236631
0.0569133277385
0.027843790574
0.0020218490318
0.00820772573418
0.00298370821475
0.0400746109644
0.138601818893
0.137921427075
0.00751905536048
0.14788354864
0.0451992520161
0.00823924490383
0.0303439370758
0.166546193719
0.217957411256
0.0638233819723
0.00525326899978
0.0189949149673
0.00311021898923
0.033004764544
0.00506930871623
0.182246568597
0.0050828586722
0.00283161759937
0.00014893147829
0.0863769937797
0.00342446472336
0.00215051446199
0.004969077968
0.209897028526
0.00536729191653
0.00589844152193
0.00175773266005
0.0116832248511
0.0681772113535
0.00627660595805
0.0547277356066
0.00183944702551
0.00129883811229
0.0643712422991
0.0115889410763
0.00557695453041
0.0177784567435
0.00837017308274
0.0116546149994
0.0301128637146
0.00199416598137
0.395372178284
0.0257693214648
0.139545503725
0.00350767655278
0.0593419428305
0.120159764664
0.0301905307651
0.0358005990996
0.0241436786395
0.142323898389
0.00285471218338
0.0651004128163
0.00620089417127
0.00361568376704
0.02585507589
0.00712260311517
0.00848938014192
0.140169483796
0.00192994786099
0.139312684913
0.0139086073719
0.0116665019024
0.00169445699992
0.00282797564709
0.00470023965025
0.00139109330264
0.000304582781698
0.00442970589921
0.79331989693
0.167487824092
0.00167624008952
0.0262494851012
0.040657138534
0.0010013195371
0.210211878937
0.00554292882994
7.25502892067e-05
0.00351433944302
0.000525656518905
0.000112426225046
0.0249418795797
0.027690718067
0.0014296941111
0.00154682741913
0.000312334292558
0.0208507852459
0.0148314278454
0.196821014289
0.0537010879712
0.0593237391272
0.00902764854836
0.00180515577457
0.00266907963121
0.00715846840899
0.0084897193308
0.00793552267166
0.0093472862712
0.0362441521451
0.0180370237313
0.00242377995022
0.00159905861027
0.0286449222473
0.0100099453972
0.00248108143022
0.185145992847
0.46343792775
0.000889578950618
0.0282792317829
0.0379028482895
0.188102528147
0.000681897115193
0.228664114609
0.00317607267218
0.00460799844337
0.00189454590316
0.390060576178
0.0194063226049
0.151824588935
0.0112506447845
0.00279704555939
0.154120748116
0.00503035957778
0.000818198339927
0.103074369012
0.111027456001
0.00204386935657
0.01277540988
0.00756675213926
0.00710961829307
0.0103040087976
0.0019073374839
0.0241710097264
0.0886074092076
0.117181245705
0.0133322701243
0.0120858366252
0.0123964263575
0.00247741423204
0.00823379656631
0.0300370232609
0.0114605486757
0.00294056589959
0.00356898140757
0.00830663005121
0.00273189711411
0.00830092863634
0.00499528215344
0.000160342002918
0.0504878956742
0.000127170963224
0.0117622212737
0.00345228134624
0.00125375591999
0.0196201918792
0.115024159423
0.0351813166114
4.13578521924e-05
0.0328107022082
0.00466153183119
0.0255292710049
0.0334236143213
0.0127096398435
0.132688080898
0.140823511571
0.00767129473699
0.00080585527096
5.50100993523e-05
0.0243189308704
0.03727740734
0.00128930577844
0.00306948704964
0.00147254634338
0.0217680705342
0.00236672009323
0.00186490555266
0.000266096826419
0.0163648177776
0.00438601880906
0.0137417287039
0.0317960168009
0.169754508385
0.000366692335792
0.00581419871102
0.000275064517863
0.0137638351812
0.0304325785308
0.014760954946
0.00436194218729
0.0236436924917
0.0102696090871
0.00216599019565
0.0202463954221
0.00254912265301
0.0258421084993
0.0012195439565
0.048698922185
0.269121753504
1.96322708923e-07
0.00314122080268
0.0141657930273
0.00969887457525
0.162844693104
0.00026115532128
0.121884991989
0.121158278203
0.0222613858963
0.00886177989267
0.00406157207788
0.000429250222271
0.0227623615832
0.00516348366971
0.000832670212151
0.112874128769
0.0143418972867
0.00219507293685
0.0545332865293
0.244579485914
0.00763434236054
0.00268880521523
0.00397680228527
0.0015872942245
0.00372283263045
0.0327151132343
0.00626651880224
0.00231212319666
0.00482600209375
0.0026686372762
0.0227267540836
0.0028277291933
1.84577359863e-05
0.00734722323376
0.0488925492407
0.0156294492573
0.00927103394173
0.0201511678929
9.56685886067e-09
0.0744911813874
0.0879922893029
0.00131003022326
0.00605610862626
0.00146492805033
0.00557767812013
0.0492599239619
0.0172102358996
0.03973117804
0.0232930545332
0.0331084987211
0.0547427200879
0.029856322861
0.000510798630762
0.00754622752316
0.00547016409008
0.098822027677
0.00275362371033
0.0471772766741
0.00188653812545
0.0480243893487
0.0028331442314
0.0057655580771
0.0363175280842
0.0025791106235
0.129646964201
0.183501642196
0.0120480660021
0.00831122435671
0.0369657810091
0.0208710401831
0.00251763631873
0.171274986238
0.0694178670026
8.98473546257e-06
0.196251169156
0.00402067137546
0.0424478747419
0.0116443554196
0.140169483796
0.246270375427
0.00541858999145
0.0112819500894
0.00147809113311
0.00374653940387
0.0115923330042
1.66864996715e-06
0.0539148828952
0.224384343657
0.00272939872626
9.83367688153e-05
0.171593644966
0.00251098336749
0.00254945251703
0.00506806493889
0.00356432737902
0.000929096926144
0.000170031760853
0.0303540583705
0.0151009608537
1.35565767079e-05
0.0490490508944
0.0407136668671
0.00125556988755
0.00487596279078
0.039721074028
0.0236323185364
0.00242546733787
2.31474340183e-05
0.00291383414765
0.0246840377984
0.0137944451528
0.0605001769188
0.01184869109
0.00452765300395
3.85089471542e-05
0.00143356765223
0.0213053176017
0.00427843785736
0.0510101013395
5.91322355565e-05
0.0407359587983
0.162208023906
2.44998075827e-07
0.0109770255212
0.0255950011664
0.150991042755
0.010672909606
9.50446096409e-06
0.000131651120722
2.67323973091e-06
0.815352599905
0.00367608299366
0.00845785153114
0.00437716125645
0.00254031871376
0.00398091031972
0.290135352213
0.0661598145921
0.00219507293685
0.00300067440624
0.00900495364736
0.0304513914552
0.446162353901
0.00512654690097
0.00299715756777
0.0318880630092
0.142284397771
0.00308787555818
0.0694557048784
0.08407456685
0.00238755352936
0.00252649534723
0.000221781857515
0.125898290797
0.0145670944513
0.000146804725442
0.00211784473117
0.00507695981087
0.0189314855969
0.00246471316123
0.0630582701739
1.74246703657e-05
0.0956542483719
0.00251420546176
0.00334012082795
0.0413045016426
0.0175336269089
0.293126992612
0.000301813370759
0.012378966076
0.151529942394
0.0344925278697
1.69579849096e-06
0.00205509331431
1.82468607801e-06
0.259860578193
0.00200221413518
0.0507099060699
0.0696923854019
0.00283192573429
0.000804165833235
0.00203070936178
0.0893182363338
0.00388556031692
0.190759724336
0.00120950477228
0.0213464920673
3.90440229503e-06
0.00181301942668
0.142074414365
8.5310850545e-07
0.00282865472748
0.00762490811911
0.0933069471634
0.00273611793083
0.0486594271197
0.000260975556772
0.00263601843486
0.0128676017792
0.0202800637921
0.0577530861774
0.227994353758
0.0103286990169
0.00275434234111
0.0270198957766
0.0259670103687
0.00425944858646
0.156346077285
0.0229346302811
0.000182627782673
0.0280933535827
0.00748391589854
0.0128853610833
0.00506681665243
0.0028281993775
0.0659680953211
0.00976757158474
0.0151166163789
0.0885297735074
0.0114080096371
0.0146030851331
0.051378852902
0.00355447831449
0.0042112855914
0.0145670944513
0.00519949234923
0.166546193719
0.00256057508932
0.0236427000639
0.0280255141845
0.00371494312402
0.219675558974
0.00217109721324
0.114192410773
0.0100988480807
0.100390273206
0.0253283942285
0.0056080332424
0.00351416657899
0.0234273309762
0.0161062893806
0.00411490847601
0.000113714159969
0.0956033995428
0.017387865733
0.00938541384278
0.0169838912689
0.00461248246385
2.23255417753e-05
0.0324985774354
0.00252933159993
0.140169483796
0.0125634210728
2.59766764255e-06
0.0102225110423
0.00239042847263
0.0130229501921
0.000630645633877
0.00438950948714
0.0146158376454
0.0165072563144
0.0145670944513
0.0260450851004
0.0247948879526
0.00330834920998
0.00980746523118
0.00493767282845
0.0997886167449
0.174950140317
0.0258870734492
0.0383237444261
0.000258228229974
0.000761685629317
0.00748975341572
0.0300275116105
0.00145305697509
0.00552032336978
0.000629781665152
0.00281907843622
0.00409145962089
0.0245578800828
0.000802908460475
0.000725403824515
0.00796263536928
0.00506247068592
0.00137143091308
0.0294689413446
0.036005790299
0.0372629456198
0.0218046760058
0.0181908462686
0.0121403975075
0.0252810007754
0.242413959956
0.161781088476
0.137128606827
0.00179305203225
0.0391894463842
0.0223874204533
0.0043428602947
0.00024975765347
0.22463878875
0.00913248550449
0.00130406216176
0.00282840034003
0.0295692918168
0.0673339894935
0.00648981305626
0.0286105581622
0.028629899491
0.00696073751036
0.0558779256529
0.0016847750166
0.00021345342128
0.00606801731396
0.00741667397339
0.0398932850475
0.00275537037142
0.0559377564581
0.00443987059167
0.00155575214973
0.00274356579456
0.165926818868
0.0589427137983
0.1601893317
1.54134829744e-06
0.00249198872638
0.0268624150763
0.000852850791662
0.0304441179615
0.0141464333696
0.0837191258168
0.00270567050448
0.0284546728762
0.111875004328
0.00318233153881
0.176281587116
0.00124558593495
0.165998818395
0.00782885743602
0.001250098711
2.56156304281e-05
0.116414841001
0.00390614007015
0.203603289552
0.0228088217831
0.213482331094
0.0102741796665
0.0145670944513
0.000103493662742
0.0027254125263
0.00995565264479
0.0017520226096
0.0773799484813
0.0203660134303
0.00292094699728
0.0465881294674
0.000111366302622
0.22368306292
0.115131086149
0.00298073509954
0.118890351126
3.10139260899e-05
0.00175816015455
0.0027688909321
0.00242802602243
0.0228201006667
0.0651806738062
0.00282803286411
0.0322855400046
0.048533816286
0.0832306817541
0.0152299740643
0.0279377544005
0.00553419637359
0.00305730661019
0.00700636017977
0.0405511251045
0.022443207179
0.00451598696844
0.00141187248891
0.124711526441
0.00157788863846
0.000369350515812
0.000689885497023
0.0153534310617
0.183252250855
0.0213540307629
0.00257595651071
0.0124181541829
0.00115478015495
0.0046044656838
0.0827499452606
0.0272012006985
0.00406278029874
0.00240837647169
0.00505278388731
0.00306113876189
0.0808221893114
0.018892178757
0.00304971109467
0.0119301803226
0.0135726208598
0.000635564312564
0.163885888258
7.38609543999e-05
3.67958843677e-05
0.00504813411393
0.2568125988
0.00564924411193
0.133780605724
0.00191072064976
0.0145670944513
0.00324853562596
0.01745102364
0.00595208149124
0.00107616212735
0.00220884932518
0.110556732362
0.0113759044151
0.0145670944513
4.68706601425e-06
0.0229450102119
4.04897506482e-05
0.00715237816192
0.00320080901458
0.00646794551588
0.000791415102818
0.00151069686857
0.239782320762
0.00274356579456
0.00131608551255
0.080767073064
0.00613127761589
0.0053771698901
0.0403037560792
0.00030542734225
0.00362949983759
0.00411895868641
0.092456832458
0.0126148962361
0.128784189977
0.00282840034003
0.0180815384811
0.0393519527086
0.225422676177
0.0145670944513
0.046186712955
0.0379835982058
0.0233766366222
0.173658680746
0.0279757725656
0.0499282489939
0.00327485869777
0.00226302323265
0.00935814832148
0.00251378695198
0.0392663844883
0.0101446339867
0.0244790241442
0.00550957378475
0.0281107350504
0.0374936916164
0.00299953201455
0.001757656734
0.0394046603541
4.90773227833e-05
0.0459812374718
0.00124087262724
0.0736913981575
0.00214216353924
0.0065942677024
0.00256248573318
0.253840973583
0.0119208133848
0.000534946081627
0.0894264575023
0.00249804474802
0.00757822086198
0.0272532025249
0.01542625627
0.000421551255396
0.00292283358934
0.0941556842574
0.0515369542297
0.0145670944513
0.000324700445298
0.00369986336972
0.0134723182618
0.0002384318825
0.0140204355838
0.0161607795587
0.00283146988034
0.260435957725
0.221070856343
0.0051691006957
0.00654725848474
0.00580530422311
0.0151583533529
0.125291570658
0.100266748553
0.0209992559626
0.188694409175
0.0626618047071
0.00144732085828
0.0118522162151
0.187530152591
0.0188143770242
0.25204274886
0.136434258433
0.0238598024547
0.000702394452881
0.0221049549725
0.00282920432679
0.00371326919222
0.0420770720077
0.00414162904987
0.238125421631
0.0272324281951
0.00936932058024
0.0893031881504
0.145464289602
0.018915833199
0.0190373037473
0.00635902333729
0.295805173525
0.00132023331355
0.0079154264986
0.00294026949592
0.0260263789951
0.00909058063623
0.0403629347731
0.00138519052994
0.0848644381756
0.00395206892154
0.0514880937334
4.28293229763e-05
0.0136038667338
0.0249705537167
0.000759137618988
0.139196608387
0.00615701016516
0.0276266422076
0.00427138497261
0.0289461884562
0.027059272882
0.0124371736567
0.127531691305
0.00237700610251
0.0279761317258
0.175881445117
0.00139644632941
0.00266931150699
3.32192947615e-05
0.000171738908461
0.0149163942098
0.0623156364166
0.00051585139975
0.0267582750312
0.00438203747093
0.15573644804
0.0569046569301
0.0574582321073
0.00493533279554
0.0313583427742
0.00411929068347
0.24952712264
0.00354849449453
0.0387193220246
0.024823559502
0.00651182850823
0.00336331855556
0.00165566424785
0.0252755936175
0.00334596804198
0.00291640615509
0.0283520646527
0.0117012292825
0.0013945005446
0.00807799157478
0.000314637301026
0.0145670944513
0.24101975482
0.0130305729141
0.00837649042492
0.0181095083294
0.0086148816184
0.00139460962576
0.0543030976399
0.00653344616798
0.00282631276583
0.0238409410398
0.0129427625434
0.0261641097178
0.000593164333319
0.000545112958172
0.241400565163
0.00259757710909
0.03757929193
0.0143564995732
0.007922751078
0.00372056310257
0.00313273344484
0.0028290033096
0.000562194247878
0.0244235766024
0.00288950395488
0.0120300348103
0.00502820779196
0.00317767994367
0.0265876882115
0.04792616148
0.0233766366222
0.0319963208158
0.00275283589918
0.0453687135231
0.0940385257767
0.00430778253879
0.0249455388577
0.0158850345435
0.00123011412271
0.0163293870546
0.000220137201132
0.000113100022879
0.0482381902139
0.0115234224915
0.0002523294215
0.192045034206
0.000676089076619
0.0247847129555
0.00110767784881
0.0731339362338
0.0620817772197
0.0172839849523
0.0205907601975
0.0129433106392
0.0178722527152
0.00249256377965
4.6799783342e-06
0.00795714017542
0.141425839727
0.00289204310319
0.00454293586609
0.00129818392274
0.245762065408
0.0305347666297
3.28608176038e-05
0.000147353568847
2.69840543343e-06
0.00508359429344
0.235265222108
0.00120122681484
0.000444495450249
0.00877782577101
0.00623515513093
0.0138868987984
0.00540238963487
0.103983137815
0.0547636326915
0.0329085924772
0.0406745928014
0.0657236606883
0.00855206550714
0.0827364210935
0.0101004720184
0.0397141214086
0.002827703359
0.0101088161054
0.00283801685283
9.53857729709e-05
0.0240024219534
0.00498774019883
0.000780419857452
7.99405913629e-05
0.0072661414443
0.00284145516816
0.411248604969
0.0179695675589
0.0539924585616
0.0443147110747
0.00723116686648
0.00247489768122
0.00460647100674
0.00212500794463
0.00357598646731
0.0236144167567
0.264152135744
0.0045551613347
0.0320977654022
0.00187738240298
0.0292028995586
0.0113069473931
0.000695746258973
0.0679903977653
0.0404507983326
0.0421147712693
3.54720008033e-07
0.00705423517895
0.0011148561871
0.0280448586749
0.017559858423
0.00644292420318
0.0199863692899
0.170345545826
0.0122166799352
0.00364274048034
0.000490939415599
0.000923073105435
0.00649115692158
0.0145670944513
0.198543636254
0.00281255754018
0.0192005131789
0.00667471831121
0.181729495691
0.00147254634338
0.00177777226925
0.0859620370614
0.0028473795182
0.0016212547921
0.00942756254573
0.160361243382
0.00455293953516
0.00297325724024
0.0159154116018
0.00108134392988
0.0139123469705
0.0255072370093
0.0262551931381
0.00223553023959
0.00639042990229
0.00194784812781
2.01872089338e-05
0.0232735548905
0.0234273309762
0.00627520539218
0.0459173010637
0.0499796850405
0.0244868740181
0.0220201179238
0.0358209646365
0.00157721510998
0.000128433623489
0.00064523568278
0.0930637669281
0.00614911994088
0.0314111965867
0.00505617785544
0.0112980776799
0.0416299924775
0.0516064204017
0.0040066333744
0.0470808988404
0.019967957379
0.0140809490191
0.00747324659923
0.0346539441888
0.0203650299984
0.639843533609
0.0392720728628
3.17726333488e-05
0.00807351514376
0.00020267319925
0.00945323869965
0.0413709306469
0.00813696552284
0.142479276938
0.163181978926
0.00330893252597
0.127648061885
0.01604090324
0.00150260161664
0.0116027136615
0.00224020168838
0.0145670944513
0.139435585113
0.000745636892157
0.00298342051505
0.00424046569415
0.00288011196922
0.022915413317
0.0031595057443
0.00295933269214
8.07192270256e-05
0.0172704709415
0.00940646020029
0.00283151984813
0.00355179292217
0.00796926768987
0.00927781684582
0.0131527511592
0.00292387203891
1.36189186471e-05
2.2395559907e-05
0.016296346593
0.00548823439507
0.0950444400484
0.0135299375588
0.029792655506
0.106640793441
1.87106937555e-06
0.00154800101547
0.273919827191
0.0337276310069
0.00080294738237
0.0240071630787
0.0172928223489
0.00218621499565
0.0744830797039
0.00167430379336
0.0201187411784
0.110713975344
0.00994078857719
0.00181468363699
4.52706844246e-05
0.00907629476773
0.00888006538069
3.22011867875e-05
0.0607771930078
0.00499505513179
0.0471545332449
0.0018039476882
0.00971714311432
0.0151885791771
0.000238675901323
0.034386480549
0.206454274743
0.0030601904252
0.040259355793
0.00521329625342
0.0135174098719
0.0787262343835
0.0324189817579
0.028168870549
3.28068643252e-07
0.000357906859187
0.00610109995741
0.00178260458001
0.00552771320796
0.0264600745958
2.1463685094e-05
0.000376582123369
0.37325377218
0.0129854505551
0.0158657711526
0.0098863055703
0.144756926885
0.00490944817333
0.0644621657961
1.02326144488e-05
0.00036745552897
0.300240931438
0.0240066821336
0.025614999987
0.00948730563371
0.0130382523402
0.146998595065
0.0108259728376
0.00283031649948
0.0272569101049
0.0014944550651
0.0364165799414
0.0396331427293
0.00432510036602
9.99012762087e-06
0.00635273895518
0.0521027216162
0.00202855175768
0.0216651345622
0.00722540116161
0.0602006247541
0.0106190687295
0.00934420933233
0.0513066481226
0.00200977656527
0.0306705745678
0.00876653218713
0.0472386437255
0.0255546375357
0.154840757933
0.00375814854338
0.116046476445
0.0211019983978
0.0299647752236
0.00554015377458
0.00314718964915
0.000146493955728
0.0317243120169
0.0543533219736
0.0283407384244
0.0925277010057
0.0251158767265
0.00277798619524
0.00288815614011
0.0026487264304
0.0338465638599
0.243351797933
0.00428042518555
0.0054822226955
0.126379527226
0.00721068799766
0.029200751969
0.0149651119297
0.00153817598837
0.0281646749974
0.0268614513067
0.000198121852985
0.182457496334
0.00333548006304
0.00433761269386
0.00551681915086
0.0101801038526
0.0567298964595
0.00650272147209
0.00289879067275
0.000489872813516
0.000543483320993
0.0433756337948
0.000617479540683
0.0235795386993
0.0161962178853
0.00153343188619
0.000523114452196
0.00129149711718
0.00874673543886
0.00233578176004
0.0308483948875
0.0340125335219
0.00432234511434
0.126368692737
0.166444735984
0.00326259120168
0.017377542015
0.173071159118
0.00888107783931
0.00950618874798
0.00265919333679
0.00274642320517
0.0116289818402
0.0129012669929
0.179916738409
0.00504881562407
0.216401362175
0.00281713734734
0.0309280724276
3.8807865244e-05
0.00139180523413
4.33060626417e-05
0.00279781498436
0.00445632892306
0.0470292939965
0.286850159521
0.000713641354809
0.00358275794816
0.0749433824897
2.33571241872e-05
0.0876627698153
0.0441687105396
0.0140114634233
0.0193953524
0.023357353481
0.265470672602
0.00283559553052
0.0266991949948
0.187444958538
0.0631745266034
7.44024279703e-06
0.083577175167
0.0144338384237
0.00328945827929
0.00851978656453
0.0125602244148
0.00582293607127
0.302130268454
7.70086886931e-06
0.00167316695609
0.00284225687061
0.179724161355
0.00350417630215
1.20467014697e-08
0.0035300244073
0.0028374010212
1.94841371098e-06
0.000788294808772
0.00675849418245
0.0121299348819
0.0488989605097
0.00274350216375
0.194818025666
0.00351452003079
0.0246252895958
0.663183885588
0.00303194138216
0.00680997126337
0.0180100344284
0.0438095255595
0.00228497713363
0.00373844805184
0.0794401578451
0.0469000414046
0.207931479098
2.36655568826e-05
0.104104923638
0.00463111299035
0.0325554826691
0.00164837079162
0.135742209982
0.164017742878
0.0254779461246
0.00574553909397
0.00316994149843
0.000616662126729
0.00174146341245
0.101923092113
0.014664107528
0.199338856433
0.0171968717888
0.00279881601112
0.00342880817204
0.166190566594
0.00437096841767
0.000810256258751
0.0269544638721
0.121610890135
0.0383581030051
0.00306627678948
0.000256790040187
0.229781105618
0.133966240765
0.00372653568383
0.0216895302047
0.0123450997522
0.0136280219126
0.0145670944513
0.0100986120195
0.0388677606552
0.250316453281
0.012679934907
0.0290932348823
0.00247067206945
0.102532688309
0.0210182429874
0.00285639306311
0.0215159640123
0.00303131333822
0.0638340291778
0.0326550729457
0.0032136066762
0.00136601733861
0.00709289427276
0.000487977945389
0.00252926347176
0.0134780374214
0.00831834415555
0.0540465007142
0.01158834596
0.00283678484659
0.0286188177653
0.167959580118
1.24897065112e-06
0.00706822962351
0.14936008435
0.0755949013545
0.0165739470805
0.00505392972263
0.0303673775047
0.121766651554
4.06804167497e-05
0.125761701893
0.0889197182256
0.012557976654
0.900601634781
0.0690832545057
0.00818905515491
9.42850475472e-09
0.152752196477
0.000170393684654
0.0425802936821
0.00958036128618
0.011238432436
0.00423787490148
0.0292865642671
0.0131341564879
0.00645554541494
0.00305411818005
0.00273269718472
0.0315973313612
0.0105673087338
0.00335174680976
0.00352201614724
0.117181245705
0.00250901575898
0.0176792092745
0.030265834237
4.39271933911e-06
0.0285926125572
0.0461426588367
0.0891555970703
0.0219360827312
0.0186657405614
0.00428204905543
0.0894365824401
0.0303567932335
0.000201135385192
0.0424622611143
0.00587673341617
0.0355687154488
1.58618717716e-07
0.0148795959493
0.100426549825
0.0121686104762
0.00643301300412
0.00244136614087
0.0357919278756
0.0409743015908
0.00373318527733
9.70710627249e-05
0.0183079563147
0.0244592781088
0.00556704112872
0.0310686673702
0.00235691953107
0.00939603683736
0.0378645003749
0.0139783161601
0.181205085673
0.00432830994677
0.0013772120019
0.012871948064
0.038267261698
0.0392428111137
0.123424961754
0.0108416032811
0.0209525776727
0.0275871797572
0.00939612561575
0.00282828808368
0.063677960118
0.0265777047585
0.00112743835979
0.0828182258323
0.0616571760924
0.0265111791459
0.00146800691062
0.0150985316558
0.00305030806382
0.000375004450665
0.14143508187
0.00222862975059
0.00245741501597
0.0521623703315
0.00496945220176
0.0144493560355
0.0660252946124
0.0773235314456
0.0310643826469
0.123357333001
0.283644658864
0.00034832648189
0.00318675245411
0.000343572127648
0.000788636351032
0.0241782433538
0.0199424032421
0.00656952444292
0.00703011084895
0.0141993023134
0.0215433435215
0.0406049437692
0.0806655430075
1.96498402139e-05
0.179136947396
0.00136353572713
0.0200510492902
0.00680179648162
0.00229023854484
0.0030261114581
0.160148099125
0.0212979564505
0.0174661105206
0.000559933668168
0.0202987055898
0.301763171668
0.116392869423
0.0444973352811
0.0629165130314
0.0290761852142
0.0228267430528
0.0154740932928
0.0027526670113
0.00293353627803
0.00564467049566
0.0100374508023
0.00202285585732
0.00426364831429
0.00149800726536
0.0259562910686
0.00343495175084
0.0537508182615
0.0432767548063
0.19889697579
0.0842720135923
0.140169483796
0.0218842448217
0.000232030721017
2.21206078496e-05
0.00504856542265
0.0297557198781
0.0525794657532
0.0145670944513
0.0620901555417
0.152752196477
0.00149963660359
0.0417698645363
0.101205227398
0.00820411604643
0.00368630461995
0.000719024615423
1.27285066719e-05
0.113118892672
0.00790931479729
0.0244559213541
0.0887591671313
0.101770082877
0.00489994563951
0.0305076658817
0.00303265722433
0.0476971800012
0.0140279547057
0.039519734461
0.000475349104564
0.00305341069939
0.00119782674858
0.189538080876
0.201191002903
0.0314433469099
0.176723370877
0.00270268518606
0.126211504906
0.00831758829985
0.00355237856337
0.0272225562535
0.00640310826671
0.00831283569381
0.0791886598375
0.0234465390051
0.205233705369
0.0286840486637
0.0174225673349
0.0371519263654
0.00612236744385
0.00216831886209
0.0206781249471
0.00374968902637
0.0398142174084
0.00505402316177
0.00274526990335
0.00281117393114
0.000618879793293
0.0028316209243
0.117009424348
0.0640088486496
0.0640088486496
0.0125158600539
0.00275703875731
0.0432575763197
0.000727342972408
0.00140685479614
0.00544169542484
0.0050950330412
0.0343330759598
0.0289547942078
0.00235800255773
0.00320182209302
0.0208983261848
0.000589120280803
0.00121869597303
0.065833069951
0.0534788513343
0.165646674091
6.89236269054e-05
2.93471883664e-05
0.00300857608574
0.0232751029214
0.011337870666
0.00505018277173
0.000530511994561
0.0186671512827
0.00716365285188
0.23178107244
6.27948817508e-05
0.00262678693508
0.00295047084642
0.0117130310697
8.27987335191e-05
0.00686274719385
0.0256955095302
0.00521188537184
0.0698669458629
0.00116945185059
0.00853204762223
0.0179944993446
0.0258098355439
0.00197068949619
0.00147257002459
0.0906282893951
0.00139239811226
0.139733320818
3.08367575919e-09
0.00352407383802
0.00923687491945
0.00042947737745
0.00633956799782
0.0952752362021
0.0261274826349
0.0144978472787
0.00047664606111
0.035054641285
0.00770530247021
0.010095626107
0.00889856372205
0.0258102634226
0.00215763300674
0.00842742043703
0.0297127678426
0.0026281670759
0.00331054817509
0.000603250990065
0.00148856051585
1.88076048643e-05
0.00503866570835
0.00102385898368
0.0102067852161
0.0568917289814
0.000706182492058
0.246286141298
0.00125633909029
0.138686160895
0.0058463415979
0.00830504564048
0.0315061135048
4.01401130948e-05
0.00283981862261
0.00341203130173
1.56629043638e-05
0.00289654261843
0.003741687943
0.0562670542573
0.0193219842247
0.0165615318819
0.190731630567
0.00284526132492
0.00096216436047
0.00147254634338
0.114558815775
0.0083181171499
0.000262016583045
0.000203295559806
0.0493908987117
0.228104148112
0.00303197333448
0.00147039443378
5.62593125334e-05
0.0220693912289
0.0343352319543
0.22220347463
0.155555016348
0.0103021666112
0.0116289818402
0.136051251476
0.0077108543617
0.0024089033963
1.32524547873e-05
0.00302931802301
0.0992683529827
0.000168141459834
0.00110569706208
0.169786253417
0.0208773675551
0.121571722751
0.0525324985209
0.00435572063971
0.017119498963
0.00775207208135
0.00399429509872
0.00334427912811
0.0100282616536
0.000426875891892
0.000306147012311
0.00115529126959
0.000799646162326
0.0227619821385
9.87294923388e-06
0.00603740449818
0.0197144487911
5.41606669417e-05
0.00150056896763
0.0488016801506
4.01977185194e-06
0.00162616920507
0.0002315264968
0.0381629203141
0.00206621049836
4.49962869862e-05
0.00426348420855
7.73160943474e-06
0.0547696409547
0.0840736459499
0.00291500330085
0.00967948428582
0.0031188654923
0.259266719735
0.0263506156035
0.00887184330939
0.0717014720615
0.00673773603598
0.00912334729843
0.00161595757208
0.0153820762527
9.54292811917e-06
0.0407891069871
0.00394861726568
0.000509280786809
0.00295143840592
0.221075890924
0.000876962249426
0.220389322125
0.00134066879634
0.00163663642241
0.00741597959874
0.0196432826249
0.00398369707899
0.00275503231674
0.0148088663941
0.0152926539938
0.0101237992617
0.0272119134907
0.000988471723167
0.0333437532077
0.0443366496564
0.234318929745
0.0053632978667
0.00532787207571
0.0148957580723
0.00162981756611
0.00304869283612
0.102476106609
1.96887519115e-05
0.0161004904581
0.0228267430528
0.00413479778629
0.00317235627361
0.0133972445421
7.1081774737e-05
0.0321675040262
0.0163135177306
0.00274091146646
5.41306461416e-06
0.0794763507397
0.0432094129733
0.00959941726477
0.00289462255881
0.22439116892
0.00362027850912
7.96503191069e-07
0.0589575843964
0.00385660113297
0.060890063536
0.000464387893735
0.001491460605
0.00268832643346
0.0143583812232
0.243668004839
0.00725584918963
0.00564325238057
1.57900453139e-05
0.0304446540432
0.0572196789557
0.0347929139643
0.0105106590741
0.00441528234928
0.00607887648459
0.206976041269
0.202967433499
0.0338897773741
3.42608865628e-05
0.153992084222
8.35764526752e-07
0.00119529540703
5.65351198913e-05
0.00308278271637
0.250899690618
0.00961804704879
0.00188908898158
0.00435696233993
0.00513749867284
0.00534229802628
0.0339123677519
0.0242415942332
0.00308934034515
0.00372263473102
0.106279950076
0.0154275090757
0.0228087300641
0.054264173719
1.88881904442e-05
0.0138296319694
0.0570642613963
0.00595861085972
0.0172971149771
0.00354608920443
0.0240705332024
0.00143026230813
0.00280245530077
4.01053288113e-06
7.28004478234e-06
0.0073942321346
0.0716308611944
0.235431380706
0.00321806472507
0.0445765178386
0.388290347883
0.0594687498248
0.00679182271378
0.0177676471734
0.0309278691056
0.0381183983733
0.0431533980906
0.00360229000859
0.147548774785
0.184520716617
0.000967315722057
2.62948137833e-05
0.0245003108094
0.00343742916259
0.00298166625116
0.0562815570432
1.29653765674e-06
0.00376677181062
0.0507230461076
0.0045504906923
0.0684318779619
0.0692281425698
0.20878160092
0.0145670944513
0.081327578538
0.000689585197737
0.00299598696289
0.00058538414969
0.0502026258826
0.0145670944513
0.00967898780395
0.235655926371
0.00235640615171
0.00015693302017
0.0035201231255
0.207369768704
0.000742185697069
0.00313841030926
0.016908735981
0.00437523977989
8.26548066868e-06
0.0372761879158
0.0212328925192
0.0145670944513
0.128693257342
0.0385679726976
0.14128615079
0.0341576381833
0.0270659059139
0.0063095697116
0.00276465571041
0.0561501451965
0.177234919168
0.0175442602803
0.100691994942
0.0350286644543
0.00491891182519
0.192680987784
0.0125107582889
0.00208513282168
0.00318899253235
0.199086230827
0.00234180468966
0.0113421120766
0.00285721632948
0.0244716476525
0.00842369970252
0.149315458708
0.0133168861146
7.81649287802e-05
0.00300824413609
0.00278349930561
0.162844693104
0.0076000984541
0.00312786160862
0.0233124098421
0.00888606755814
0.0212176985432
2.40085699751e-05
0.0637274863433
0.00318575763483
0.00285062756271
0.00314322586316
0.00172039183802
0.0334796128658
0.00502506405627
0.00335040832301
0.0437914725822
0.127902777986
0.00197512228679
2.94211666952e-05
0.0214952986242
0.00251565732672
0.139624898354
0.0463059110994
1.0529338243e-05
5.93800462961e-06
0.000925947664032
0.021703055789
0.000707114198172
0.12905604104
0.276546562712
0.0587037098167
0.12036789193
0.201067824941
0.0317354067054
0.0610164579835
0.175567528351
0.0061299911383
0.00937342848533
0.280348173749
0.165492182417
0.0105225732532
0.00010675317593
1.10751385557e-05
0.0158793837835
0.0325064051172
0.00591461747935
0.060501665001
0.00584942532591
0.00308906872805
0.0101058997426
0.00315460867438
3.15209703067e-05
0.132479770022
0.00276535268245
0.00131499744244
0.0507214833264
0.0136949329538
